omega        fd_gsik      mbpt
0.0000000   0.0004994   0.0004994
0.0606061   0.0108331   0.0108331
0.1212121   0.0228820   0.0228820
0.1818182   0.1956423   0.1956423
0.2424242   0.0084873   0.0084873
0.3030303   0.0055126   0.0055126
0.3636363   0.0742461   0.0742461
0.4242424   0.0368229   0.0368229
0.4848484   0.0037175   0.0037175
0.5454545   0.0045126   0.0045126
0.6060605   0.0024733   0.0024733
0.6666666   0.6185007   0.6185007
0.7272727   0.0079878   0.0079878
0.7878787   0.0117944   0.0117944
0.8484848   0.8407920   0.8407920
0.9090908   1.0000000   1.0000000
0.9696969   0.0487946   0.0487946
1.0303029   0.0068349   0.0068349
1.0909090   0.6609625   0.6609625
1.1515150   0.0082326   0.0082326
1.2121211   0.0034212   0.0034212
1.2727271   0.0120936   0.0120936
1.3333332   0.0019761   0.0019761
1.3939393   0.0659836   0.0659836
1.4545453   0.0007397   0.0007397
1.5151514   0.0502161   0.0502161
1.5757574   0.0348419   0.0348419
1.6363635   0.0009374   0.0009596
1.6969695   0.0437212   0.0437212
1.7575756   0.0037488   0.0037488
1.8181816   0.0048207   0.0048207
1.8787877   0.0002299   0.0002299
1.9393937   0.0006082   0.0006082
1.9999998   0.3686812   0.3686812
2.0606059   0.0002384   0.0002384
2.1212119   0.0039622   0.0039622
2.1818180   0.0000303   0.0000303
2.2424240   0.0566094   0.0566094
2.3030301   0.0000524   0.0000524
2.3636361   0.0000699   0.0000699
2.4242422   0.0001192   0.0001192
2.4848482   0.0002427   0.0002427
2.5454543   0.0000585   0.0000585
2.6060604   0.0000130   0.0000130
2.6666664   0.0000152   0.0000152
2.7272725   0.0001154   0.0001154
2.7878785   0.0000074   0.0000074
2.8484846   0.0000624   0.0000624
2.9090906   0.0000047   0.0000047
2.9696967   0.0000039   0.0000039
3.0303027   0.0000183   0.0000183
3.0909088   0.0000039   0.0000039
3.1515148   0.0000054   0.0000054
3.2121209   0.0000063   0.0000063
3.2727270   0.0000031   0.0000031
3.3333330   0.0000097   0.0000097
3.3939391   0.0000037   0.0000037
3.4545451   0.0000023   0.0000023
3.5151512   0.0000023   0.0000023
3.5757572   0.0000019   0.0000019
3.6363633   0.0000020   0.0000020
3.6969693   0.0000038   0.0000038
3.7575754   0.0000020   0.0000020
3.8181814   0.0000016   0.0000016
3.8787875   0.0000014   0.0000014
3.9393936   0.0000014   0.0000014
3.9999996   0.0000013   0.0000013
4.0606057   0.0000012   0.0000012
4.1212117   0.0000013   0.0000013
4.1818178   0.0000012   0.0000012
4.2424238   0.0000011   0.0000011
4.3030299   0.0000011   0.0000011
4.3636359   0.0000011   0.0000011
4.4242420   0.0000030   0.0000030
4.4848480   0.0000010   0.0000010
4.5454541   0.0000009   0.0000009
4.6060602   0.0000009   0.0000009
4.6666662   0.0000010   0.0000010
4.7272723   0.0000008   0.0000008
4.7878783   0.0000009   0.0000009
4.8484844   0.0000008   0.0000008
4.9090904   0.0000008   0.0000008
4.9696965   0.0000007   0.0000007
5.0303025   0.0000007   0.0000007
5.0909086   0.0000007   0.0000007
5.1515146   0.0000007   0.0000007
5.2121207   0.0000007   0.0000007
5.2727268   0.0000006   0.0000006
5.3333328   0.0000006   0.0000006
5.3939389   0.0000006   0.0000006
5.4545449   0.0000006   0.0000006
5.5151510   0.0000006   0.0000006
5.5757570   0.0000006   0.0000006
5.6363631   0.0000005   0.0000005
5.6969691   0.0000005   0.0000005
5.7575752   0.0000005   0.0000005
5.8181812   0.0000005   0.0000005
5.8787873   0.0000005   0.0000005
5.9393934   0.0000005   0.0000005
5.9999994   0.0000005   0.0000005
