omega           E1         E2          E3          E4          E5
0.0000000   12.0004195  9.0005017   6.0004994   3.0005017   0.0004195
0.0606061   12.0091832  9.0109089   6.0108331   3.0109087   0.0091832
0.1212121   12.0194717  9.0230712   6.0228820   3.0230706   0.0194718
0.1818182   12.1628814  9.1961026   6.1956423   3.1960976   0.1628825
0.2424242   12.0074427  9.0086202   6.0084873   3.0086200   0.0074428
0.3030303   12.0047134  9.0055649   6.0055126   3.0055649   0.0047136
0.3636363   12.0705582  9.0769260   6.0742461   3.0769195   0.0705500
0.4242424   12.0353984  9.0381732   6.0368229   3.0381721   0.0353985
0.4848484   12.0032073  9.0037611   6.0037175   3.0037610   0.0032073
0.5454545   12.0037723  9.0045281   6.0045126   3.0045280   0.0037723
0.6060605   12.0021265  9.0025003   6.0024733   3.0025002   0.0021266
0.6666666   12.2467843  9.5262155   6.6185007   3.5262012   0.2467850
0.7272727   12.0072356  9.0081753   6.0079878   3.0081751   0.0072356
0.7878787   12.0102418  9.0119528   6.0117944   3.0119526   0.0102419
0.8484848   12.5202664  9.7779287   6.8407920   3.7779170   0.5202792
0.9090908   13.9845459  10.1680745  7.0000000   4.1680540   1.9844362
0.9696969   12.0425222  9.0494746   6.0487946   3.0494733   0.0425224
1.0303029   12.0055072  9.0067933   6.0068349   3.0067934   0.0055077
1.0909090   12.5384405  9.6590392   6.6609625   3.6590016   0.5384071
1.1515150   12.0049283  9.0073993   6.0082326   3.0073984   0.0049277
1.2121211   12.0029575  9.0034633   6.0034212   3.0034632   0.0029575
1.2727271   12.0107320  9.0123221   6.0120936   3.0123219   0.0107324
1.3333332   12.0018989  9.0020510   6.0019761   3.0020510   0.0018989
1.3939393   12.0656705  9.0691259   6.0659836   3.0691233   0.0656692
1.4545453   12.0006408  9.0007492   6.0007397   3.0007492   0.0006408
1.5151514   12.0344243  9.0478391   6.0502161   3.0478378   0.0344245
1.5757574   12.0979860  9.0449904   6.0348419   3.0449892   0.0979857
1.6363635   12.0008072  9.0009480   6.0009374   3.0009479   0.0008072
1.6969695   12.0419729  9.0454452   6.0437212   3.0454440   0.0419730
1.7575756   12.0036415  9.0039036   6.0037488   3.0039035   0.0036415
1.8181816   12.0042075  9.0048918   6.0048207   3.0048916   0.0042074
1.8787877   12.0001989  9.0002328   6.0002299   3.0002328   0.0001989
1.9393937   12.0005225  9.0006147   6.0006082   3.0006147   0.0005225
1.9999998   12.2113532  9.3351456   6.3686812   3.3352553   0.2114899
2.0606059   12.0002077  9.0002418   6.0002384   3.0002418   0.0002077
2.1212119   12.0033629  9.0039925   6.0039622   3.0039924   0.0033629
2.1818180   12.0000262  9.0000306   6.0000303   3.0000306   0.0000262
2.2424240   12.0622492  9.0606794   6.0566094   3.0606778   0.0622494
2.3030301   12.0000454  9.0000531   6.0000524   3.0000531   0.0000454
2.3636361   12.0000606  9.0000708   6.0000699   3.0000708   0.0000606
2.4242422   12.0001024  9.0001204   6.0001192   3.0001204   0.0001024
2.4848482   12.0002087  9.0002454   6.0002427   3.0002454   0.0002087
2.5454543   12.0000501  9.0000591   6.0000585   3.0000591   0.0000501
2.6060604   12.0000112  9.0000132   6.0000130   3.0000132   0.0000112
2.6666664   12.0000132  9.0000154   6.0000152   3.0000154   0.0000132
2.7272725   12.0001081  9.0001192   6.0001154   3.0001192   0.0001081
2.7878785   12.0000064  9.0000075   6.0000074   3.0000075   0.0000064
2.8484846   12.0000466  9.0000608   6.0000624   3.0000608   0.0000466
2.9090906   12.0000041  9.0000048   6.0000047   3.0000048   0.0000041
2.9696967   12.0000033  9.0000039   6.0000039   3.0000039   0.0000033
3.0303027   12.0000158  9.0000185   6.0000183   3.0000185   0.0000158
3.0909088   12.0000034  9.0000040   6.0000039   3.0000040   0.0000034
3.1515148   12.0000046  9.0000054   6.0000054   3.0000054   0.0000046
3.2121209   12.0000054  9.0000064   6.0000063   3.0000064   0.0000054
3.2727270   12.0000027  9.0000032   6.0000031   3.0000032   0.0000027
3.3333330   12.0000084  9.0000099   6.0000097   3.0000099   0.0000084
3.3939391   12.0000032  9.0000037   6.0000037   3.0000037   0.0000032
3.4545451   12.0000020  9.0000023   6.0000023   3.0000023   0.0000020
3.5151512   12.0000020  9.0000023   6.0000023   3.0000023   0.0000020
3.5757572   12.0000016  9.0000019   6.0000019   3.0000019   0.0000016
3.6363633   12.0000017  9.0000020   6.0000020   3.0000020   0.0000017
3.6969693   12.0000033  9.0000038   6.0000038   3.0000038   0.0000033
3.7575754   12.0000017  9.0000020   6.0000020   3.0000020   0.0000017
3.8181814   12.0000013  9.0000016   6.0000016   3.0000016   0.0000013
3.8787875   12.0000012  9.0000015   6.0000014   3.0000015   0.0000012
3.9393936   12.0000012  9.0000014   6.0000014   3.0000014   0.0000012
3.9999996   12.0000011  9.0000013   6.0000013   3.0000013   0.0000011
4.0606057   12.0000011  9.0000013   6.0000012   3.0000013   0.0000011
4.1212117   12.0000011  9.0000013   6.0000013   3.0000013   0.0000011
4.1818178   12.0000010  9.0000012   6.0000012   3.0000012   0.0000010
4.2424238   12.0000010  9.0000012   6.0000011   3.0000012   0.0000010
4.3030299   12.0000009  9.0000011   6.0000011   3.0000011   0.0000009
4.3636359   12.0000009  9.0000011   6.0000011   3.0000011   0.0000009
4.4242420   12.0000026  9.0000031   6.0000030   3.0000031   0.0000026
4.4848480   12.0000008  9.0000010   6.0000010   3.0000010   0.0000008
4.5454541   12.0000008  9.0000009   6.0000009   3.0000009   0.0000008
4.6060602   12.0000008  9.0000009   6.0000009   3.0000009   0.0000008
4.6666662   12.0000009  9.0000010   6.0000010   3.0000010   0.0000009
4.7272723   12.0000007  9.0000008   6.0000008   3.0000008   0.0000007
4.7878783   12.0000007  9.0000009   6.0000009   3.0000009   0.0000007
4.8484844   12.0000007  9.0000008   6.0000008   3.0000008   0.0000007
4.9090904   12.0000007  9.0000008   6.0000008   3.0000008   0.0000007
4.9696965   12.0000006  9.0000007   6.0000007   3.0000007   0.0000006
5.0303025   12.0000006  9.0000007   6.0000007   3.0000007   0.0000006
5.0909086   12.0000006  9.0000007   6.0000007   3.0000007   0.0000006
5.1515146   12.0000006  9.0000007   6.0000007   3.0000007   0.0000006
5.2121207   12.0000006  9.0000007   6.0000007   3.0000007   0.0000006
5.2727268   12.0000006  9.0000006   6.0000006   3.0000006   0.0000006
5.3333328   12.0000005  9.0000006   6.0000006   3.0000006   0.0000005
5.3939389   12.0000005  9.0000006   6.0000006   3.0000006   0.0000005
5.4545449   12.0000005  9.0000006   6.0000006   3.0000006   0.0000005
5.5151510   12.0000005  9.0000006   6.0000006   3.0000006   0.0000005
5.5757570   12.0000005  9.0000006   6.0000006   3.0000006   0.0000005
5.6363631   12.0000005  9.0000005   6.0000005   3.0000005   0.0000005
5.6969691   12.0000005  9.0000005   6.0000005   3.0000005   0.0000005
5.7575752   12.0000005  9.0000005   6.0000005   3.0000005   0.0000004
5.8181812   12.0000004  9.0000005   6.0000005   3.0000005   0.0000004
5.8787873   12.0000004  9.0000005   6.0000005   3.0000005   0.0000004
5.9393934   12.0000004  9.0000005   6.0000005   3.0000005   0.0000004
5.9999994   12.0000004  9.0000005   6.0000005   3.0000005   0.0000004
