omega        fd_gsik      mbpt
2.9999997   0.0123506   0.0123506
3.0303027   0.1269586   0.1269586
3.0606058   0.0460015   0.0460015
3.0909088   0.0582572   0.0582572
3.1212118   0.0078851   0.0078851
3.1515148   0.0183267   0.0183267
3.1818179   0.0185970   0.0185970
3.2121209   0.2662943   0.2662943
3.2424239   0.0118017   0.0118017
3.2727270   0.0242503   0.0242503
3.3030300   0.0066101   0.0066101
3.3333330   0.0316699   0.0316699
3.3636360   0.0101312   0.0101312
3.3939391   0.0317011   0.0317011
3.4242421   0.0103846   0.0103846
3.4545451   0.0097655   0.0097655
3.4848481   0.0831915   0.0831915
3.5151512   0.0349934   0.0349934
3.5454542   0.0066889   0.0066889
3.5757572   0.0129563   0.0129563
3.6060603   0.0394649   0.0394649
3.6363633   0.3441059   0.3441059
3.6666663   0.0222918   0.0222918
3.6969693   0.0051701   0.0051701
3.7272724   0.0053569   0.0053569
3.7575754   0.0077339   0.0077339
3.7878784   1.0000000   1.0000000
3.8181814   0.0511445   0.0511445
3.8484845   0.0050268   0.0050268
3.8787875   0.0053422   0.0053422
3.9090905   0.0040239   0.0040239
3.9393936   0.0038537   0.0038537
3.9696966   0.0039992   0.0039992
3.9999996   0.0041793   0.0041793
4.0303026   0.1338227   0.1338227
4.0606057   0.0156921   0.0156921
4.0909087   0.2202650   0.2202650
4.1212117   0.0035814   0.0035814
4.1515147   0.0038173   0.0038173
4.1818178   0.0034477   0.0034477
4.2121208   0.0153506   0.0153506
4.2424238   0.0115580   0.0115580
4.2727269   0.0048710   0.0048710
4.3030299   0.0032275   0.0032275
4.3333329   0.0032694   0.0032694
4.3636359   0.0032941   0.0032941
4.3939390   0.0234728   0.0234728
4.4242420   0.0031378   0.0031378
4.4545450   0.0030184   0.0030184
4.4848480   0.0028635   0.0028635
4.5151511   0.0034247   0.0034247
4.5454541   0.0028181   0.0028181
4.5757571   0.0026848   0.0026848
4.6060602   0.0026502   0.0026502
4.6363632   0.0025448   0.0025448
4.6666662   0.0025119   0.0025119
4.6969692   0.0024829   0.0024829
4.7272723   0.0026635   0.0026635
4.7575753   0.0024649   0.0024649
4.7878783   0.0023640   0.0023640
4.8181813   0.0027486   0.0027486
4.8484844   0.0022946   0.0022946
4.8787874   0.0040074   0.0040074
4.9090904   0.0022306   0.0022306
4.9393935   0.0022031   0.0022031
4.9696965   0.0021697   0.0021697
4.9999995   0.0021411   0.0021411
5.0303025   0.0021134   0.0021134
5.0606056   0.0020863   0.0020863
5.0909086   0.0020598   0.0020598
5.1212116   0.0020338   0.0020338
5.1515146   0.0020084   0.0020084
5.1818177   0.0019834   0.0019834
5.2121207   0.0019589   0.0019589
5.2424237   0.0019349   0.0019349
5.2727268   0.0019113   0.0019113
5.3030298   0.0018882   0.0018882
5.3333328   0.0018654   0.0018654
5.3636358   0.0018431   0.0018431
5.3939389   0.0018213   0.0018213
5.4242419   0.0017998   0.0017998
5.4545449   0.0017787   0.0017787
5.4848479   0.0017579   0.0017579
5.5151510   0.0017375   0.0017375
5.5454540   0.0017175   0.0017175
5.5757570   0.0016979   0.0016979
5.6060601   0.0016786   0.0016786
5.6363631   0.0016596   0.0016596
5.6666661   0.0016409   0.0016409
5.6969691   0.0016226   0.0016226
5.7272722   0.0016045   0.0016045
5.7575752   0.0015868   0.0015868
5.7878782   0.0015693   0.0015693
5.8181812   0.0015522   0.0015522
5.8484843   0.0015353   0.0015353
5.8787873   0.0015187   0.0015187
5.9090903   0.0015024   0.0015024
5.9393934   0.0014863   0.0014863
5.9696964   0.0014705   0.0014705
5.9999994   0.0014550   0.0014550
