omega       max_couple    E3
2.9999997   0.0068278   0.0125913
3.0303027   0.5319294   0.1271811
3.0606058   0.1219411   0.0462284
3.0909088   0.0156011   0.0584768
3.1212118   0.0047087   0.0081080
3.1515148   0.0051742   0.0185442
3.1818179   0.0181247   0.0188100
3.2121209   0.0110295   0.2664576
3.2424239   0.0065437   0.0120077
3.2727270   0.0077479   0.0244509
3.3030300   0.0038095   0.0068092
3.3333330   0.0287751   0.0318613
3.3636360   0.0041267   0.0103228
3.3939391   0.0109632   0.0318875
3.4242421   0.0056110   0.0105693
3.4545451   0.7288526   0.0099469
3.4848481   0.1510709   0.0833666
3.5151512   0.0816335   0.0351650
3.5454542   0.0044839   0.0068615
3.5757572   0.0070216   0.0131254
3.6060603   0.0644907   0.0396276
3.6363633   0.4710528   0.3442325
3.6666663   0.0128541   0.0224511
3.6969693   0.0030570   0.0053290
3.7272724   0.0036992   0.0055132
3.7575754   0.0286261   0.0078873
3.7878784   0.0640146   1.0000000
3.8181814   0.0280337   0.0512886
3.8484845   0.0034115   0.0051734
3.8787875   0.0029074   0.0054865
3.9090905   0.0022223   0.0041661
3.9393936   0.0021568   0.0039938
3.9696966   0.0022580   0.0041370
3.9999996   0.0023253   0.0043151
4.0303026   0.0117033   0.1339379
4.0606057   0.0110567   0.0158224
4.0909087   0.0058946   0.2203650
4.1212117   0.0023922   0.0037094
4.1515147   0.0021906   0.0039434
4.1818178   0.0019302   0.0035719
4.2121208   0.3050762   0.0154716
4.2424238   0.0157590   0.0116777
4.2727269   0.0036027   0.0049898
4.3030299   0.0018571   0.0033449
4.3333329   0.0018264   0.0033852
4.3636359   0.0018560   0.0034082
4.3939390   0.0118742   0.0235829
4.4242420   0.0016603   0.0032488
4.4545450   0.0017172   0.0031280
4.4848480   0.0016182   0.0029716
4.5151511   0.0029893   0.0035313
4.5454541   0.0015886   0.0029233
4.5757571   0.0015108   0.0027887
4.6060602   0.0014750   0.0027527
4.6363632   0.0014347   0.0026459
4.6666662   0.0014192   0.0026118
4.6969692   0.0013958   0.0025814
4.7272723   0.0014840   0.0027608
4.7575753   0.0013878   0.0025609
4.7878783   0.0013305   0.0024589
4.8181813   0.0139728   0.0028422
4.8484844   0.0012919   0.0023871
4.8787874   0.0013271   0.0040985
4.9090904   0.0012557   0.0023208
4.9393935   0.0012403   0.0022922
4.9696965   0.0012215   0.0022577
4.9999995   0.0012055   0.0022281
5.0303025   0.0011899   0.0021993
5.0606056   0.0011747   0.0021712
5.0909086   0.0011598   0.0021437
5.1212116   0.0011452   0.0021167
5.1515146   0.0011309   0.0020903
5.1818177   0.0011169   0.0020644
5.2121207   0.0011031   0.0020389
5.2424237   0.0010896   0.0020140
5.2727268   0.0010764   0.0019895
5.3030298   0.0010634   0.0019655
5.3333328   0.0010506   0.0019419
5.3636358   0.0010381   0.0019187
5.3939389   0.0010258   0.0018960
5.4242419   0.0010137   0.0018737
5.4545449   0.0010018   0.0018517
5.4848479   0.0009902   0.0018302
5.5151510   0.0009787   0.0018090
5.5454540   0.0009675   0.0017882
5.5757570   0.0009564   0.0017678
5.6060601   0.0009456   0.0017477
5.6363631   0.0009349   0.0017280
5.6666661   0.0009244   0.0017086
5.6969691   0.0009141   0.0016895
5.7272722   0.0009039   0.0016708
5.7575752   0.0008940   0.0016524
5.7878782   0.0008842   0.0016342
5.8181812   0.0008745   0.0016164
5.8484843   0.0008650   0.0015989
5.8787873   0.0008557   0.0015816
5.9090903   0.0008465   0.0015647
5.9393934   0.0008375   0.0015480
5.9696964   0.0008286   0.0015316
5.9999994   0.0008199   0.0015154
