omega          E1          E2          E3          E4          E5
2.9999997   12.0034408  9.0053743   6.0125913   3.0053743   0.0034399
3.0303027   12.0917276  9.3902951   6.1271811   3.3902649   0.0917053
3.0606058   12.7584868  9.1187187   6.0462284   3.1187164   0.7591475
3.0909088   12.0118521  9.0160920   6.0584768   3.0160919   0.0118491
3.1212118   12.0022715  9.0034977   6.0081080   3.0034977   0.0022709
3.1515148   12.0068956  9.0339694   6.0185442   3.0339705   0.0068943
3.1818179   12.0104636  9.0091626   6.0188100   3.0091626   0.0104606
3.2121209   12.0046914  9.0096640   6.2664576   3.0096641   0.0046902
3.2424239   12.0034628  9.0149162   6.0120077   3.0149162   0.0034619
3.2727270   12.0070702  9.0313445   6.0244509   3.0313438   0.0070684
3.3030300   12.0019209  9.0046554   6.0068092   3.0046556   0.0019204
3.3333330   12.0575430  9.0152135   6.0318613   3.0152137   0.0574999
3.3636360   12.0021544  9.0034367   6.0103228   3.0034367   0.0021538
3.3939391   12.0057323  9.0085569   6.0318875   3.0085569   0.0057309
3.4242421   12.0028060  9.0046904   6.0105693   3.0046904   0.0028052
3.4545451   12.0036200  9.0057899   6.0099469   3.0057899   0.0036191
3.4848481   12.0052776  9.0524884   6.0833666   3.0524882   0.0052763
3.5151512   12.0640495  9.0974334   6.0351650   3.0974350   0.0640462
3.5454542   12.0020095  9.0029745   6.0068615   3.0029745   0.0020090
3.5757572   12.0041033  9.0055116   6.0131254   3.0055116   0.0041023
3.6060603   12.0069038  9.0158222   6.0396276   3.0158219   0.0069021
3.6363633   12.1066364  9.5061466   6.3442325   3.5061392   0.1066006
3.6666663   12.0064691  9.0458120   6.0224511   3.0458084   0.0064675
3.6969693   12.0014893  9.0022786   6.0053290   3.0022786   0.0014890
3.7272724   12.0053962  9.0024612   6.0055132   3.0024612   0.0053948
3.7575754   12.0025104  9.0032425   6.0078873   3.0032425   0.0025097
3.7878784   13.1853986  9.4666004   7.0000000   3.4665903   1.1852971
3.8181814   12.0366829  9.0213570   6.0512886   3.0213567   0.0366833
3.8484845   12.0017930  9.0023035   6.0051734   3.0023035   0.0017926
3.8787875   12.0015665  9.0022738   6.0054865   3.0022738   0.0015661
3.9090905   12.0011249  9.0017670   6.0041661   3.0017670   0.0011247
3.9393936   12.0010832  9.0017069   6.0039938   3.0017069   0.0010829
3.9696966   12.0011332  9.0017752   6.0041370   3.0017752   0.0011329
3.9999996   12.0011672  9.0018468   6.0043151   3.0018468   0.0011669
4.0303026   12.0128799  9.0690734   6.1339379   3.0690706   0.0128765
4.0606057   12.0065969  9.0225772   6.0158224   3.0225768   0.0065948
4.0909087   12.3740121  9.2567589   6.2203650   3.2568083   0.3736205
4.1212117   12.0011838  9.0016344   6.0037094   3.0016344   0.0011835
4.1515147   12.0011309  9.0017136   6.0039434   3.0017136   0.0011306
4.1818178   12.0009664  9.0015258   6.0035719   3.0015258   0.0009662
4.2121208   12.0000000  9.0110118   6.0154716   3.0110118   0.0106638
4.2424238   12.0000000  9.0158005   6.0116777   3.0158001   0.0027139
4.2727269   12.0114196  9.0020299   6.0049898   3.0020299   0.0114095
4.3030299   12.0000000  9.0014426   6.0033449   3.0014426   0.0009595
4.3333329   12.0011676  9.0014462   6.0033852   3.0014462   0.0011675
4.3636359   12.0009323  9.0014605   6.0034082   3.0014605   0.0009320
4.3939390   12.0000000  9.5418318   6.0235829   3.5418396   0.0119056
4.4242420   12.0000000  9.0013373   6.0032488   3.0013373   0.0008278
4.4545450   12.0000000  9.0013462   6.0031280   3.0013462   0.0008764
4.4848480   12.0000000  9.0012735   6.0029716   3.0012735   0.0008135
4.5151511   12.0000000  9.0020756   6.0035313   3.0020755   0.0008392
4.5454541   12.0000000  9.0012547   6.0029233   3.0012547   0.0007974
4.5757571   12.0000000  9.0011937   6.0027887   3.0011937   0.0007575
4.6060602   12.0000000  9.0011749   6.0027527   3.0011749   0.0007412
4.6363632   12.0000000  9.0011331   6.0026459   3.0011331   0.0007213
4.6666662   12.0000000  9.0011181   6.0026118   3.0011181   0.0007130
4.6969692   12.0000000  9.0011040   6.0025814   3.0011040   0.0006998
4.7272723   12.0000000  9.0011795   6.0027608   3.0011795   0.0007440
4.7575753   12.0000000  9.0010958   6.0025609   3.0010958   0.0006959
4.7878783   12.0000000  9.0010519   6.0024589   3.0010519   0.0006671
4.8181813   12.0000000  9.0133104   6.0028422   3.0133092   0.0156497
4.8484844   12.0000000  9.0010213   6.0023871   3.0010213   0.0006479
4.8787874   12.0000000  9.0014077   6.0040985   3.0014077   0.0087411
4.9090904   12.0006297  9.0009928   6.0023208   3.0009928   0.0006296
4.9393935   12.0000000  9.0009806   6.0022922   3.0009806   0.0006219
4.9696965   12.0000000  9.0009658   6.0022577   3.0009658   0.0006124
4.9999995   12.0000000  9.0009531   6.0022281   3.0009531   0.0006044
5.0303025   12.0000000  9.0009408   6.0021993   3.0009408   0.0005966
5.0606056   12.0000000  9.0009288   6.0021712   3.0009288   0.0005890
5.0909086   12.0000000  9.0009170   6.0021437   3.0009170   0.0005815
5.1212116   12.0000000  9.0009055   6.0021167   3.0009055   0.0005742
5.1515146   12.0000000  9.0008942   6.0020903   3.0008942   0.0005670
5.1818177   12.0000000  9.0008831   6.0020644   3.0008831   0.0005600
5.2121207   12.0000000  9.0008722   6.0020389   3.0008722   0.0005531
5.2424237   12.0000000  9.0008615   6.0020140   3.0008615   0.0005463
5.2727268   12.0000000  9.0008510   6.0019895   3.0008510   0.0005397
5.3030298   12.0000000  9.0008408   6.0019655   3.0008408   0.0005331
5.3333328   12.0000000  9.0008307   6.0019419   3.0008307   0.0005267
5.3636358   12.0000000  9.0008208   6.0019187   3.0008208   0.0005205
5.3939389   12.0000000  9.0008110   6.0018960   3.0008110   0.0005143
5.4242419   12.0000000  9.0008015   6.0018737   3.0008015   0.0005082
5.4545449   12.0000000  9.0007921   6.0018517   3.0007921   0.0005023
5.4848479   12.0000000  9.0007829   6.0018302   3.0007829   0.0004964
5.5151510   12.0000000  9.0007738   6.0018090   3.0007738   0.0004907
5.5454540   12.0000000  9.0007650   6.0017882   3.0007649   0.0004851
5.5757570   12.0000000  9.0007562   6.0017678   3.0007562   0.0004795
5.6060601   12.0000000  9.0007476   6.0017477   3.0007476   0.0004741
5.6363631   12.0000000  9.0007392   6.0017280   3.0007392   0.0004687
5.6666661   12.0000000  9.0007309   6.0017086   3.0007309   0.0004635
5.6969691   12.0000000  9.0007227   6.0016895   3.0007227   0.0004583
5.7272722   12.0000000  9.0007147   6.0016708   3.0007147   0.0004532
5.7575752   12.0000000  9.0007068   6.0016524   3.0007068   0.0004482
5.7878782   12.0000000  9.0006991   6.0016342   3.0006991   0.0004433
5.8181812   12.0000000  9.0006914   6.0016164   3.0006914   0.0004385
5.8484843   12.0000000  9.0006839   6.0015989   3.0006839   0.0004337
5.8787873   12.0000000  9.0006766   6.0015816   3.0006766   0.0004290
5.9090903   12.0000000  9.0006693   6.0015647   3.0006693   0.0004244
5.9393934   12.0000000  9.0006622   6.0015480   3.0006622   0.0004199
5.9696964   12.0000000  9.0006551   6.0015316   3.0006551   0.0004154
5.9999994   12.0000000  9.0006482   6.0015154   3.0006482   0.0004111
