omega       fd_gsik       mbpt
2.9999997   0.0155136   0.0155968
3.0303027   0.0514037   0.0514540
3.0606058   1.0000000   1.0000000
3.0909088   0.0279589   0.0280310
3.1212118   0.0115213   0.0116010
3.1515148   0.0078349   0.0079152
3.1818179   0.0065230   0.0066026
3.2121209   0.0055620   0.0056407
3.2424239   0.0051410   0.0052184
3.2727270   0.1253666   0.1257708
3.3030300   0.0050123   0.0050868
3.3333330   0.0048230   0.0048962
3.3636360   0.0087383   0.0088060
3.3939391   0.5766344   0.5765943
3.4242421   0.0142892   0.0143534
3.4545451   0.0058821   0.0059494
3.4848481   0.2369552   0.2362540
3.5151512   0.0096433   0.0097057
3.5454542   0.0042502   0.0043149
3.5757572   0.0037369   0.0038009
3.6060603   0.0038334   0.0038962
3.6363633   0.0036216   0.0036833
3.6666663   0.0034118   0.0034728
3.6969693   0.0030912   0.0031513
3.7272724   0.0030383   0.0030974
3.7575754   0.0034261   0.0034841
3.7878784   0.0040389   0.0040954
3.8181814   0.0031589   0.0032150
3.8484845   0.0158194   0.0158754
3.8787875   0.0027755   0.0028301
3.9090905   0.0026303   0.0026842
3.9393936   0.0031036   0.0031567
3.9696966   0.0024952   0.0025475
3.9999996   0.0024607   0.0025122
4.0303026   0.0024063   0.0024571
4.0606057   0.0026540   0.0027036
4.0909087   0.0039298   0.0039779
4.1212117   0.0046724   0.0047212
4.1515147   0.0024922   0.0025398
4.1818178   0.0021960   0.0022431
4.2121208   0.0021501   0.0021965
4.2424238   0.0038833   0.0039288
4.2727269   0.0020804   0.0021256
4.3030299   0.0020300   0.0020745
4.3333329   0.0020005   0.0020444
4.3636359   0.0021390   0.0021824
4.3939390   0.0019334   0.0019761
4.4242420   0.0019128   0.0019549
4.4545450   0.0018742   0.0019158
4.4848480   0.0019258   0.0019668
4.5151511   0.0018736   0.0019140
4.5454541   0.0017857   0.0018257
4.5757571   0.0017532   0.0017927
4.6060602   0.0017258   0.0017647
4.6363632   0.0017184   0.0017568
4.6666662   0.0066061   0.0066582
4.6969692   0.0017001   0.0017375
4.7272723   0.0016714   0.0017083
4.7575753   0.0016019   0.0016384
4.7878783   0.0015771   0.0016131
4.8181813   0.0015540   0.0015896
4.8484844   0.0015317   0.0015668
4.8787874   0.0015100   0.0015447
4.9090904   0.0014888   0.0015231
4.9393935   0.0014681   0.0015020
4.9696965   0.0014480   0.0014814
4.9999995   0.0014280   0.0014611
5.0303025   0.0014087   0.0014413
5.0606056   0.0013897   0.0014219
5.0909086   0.0013711   0.0014030
5.1212116   0.0013529   0.0013844
5.1515146   0.0013351   0.0013662
5.1818177   0.0013176   0.0013484
5.2121207   0.0013005   0.0013309
5.2424237   0.0012837   0.0013138
5.2727268   0.0012673   0.0012970
5.3030298   0.0012511   0.0012805
5.3333328   0.0012353   0.0012644
5.3636358   0.0012198   0.0012486
5.3939389   0.0012046   0.0012331
5.4242419   0.0011897   0.0012178
5.4545449   0.0011751   0.0012029
5.4848479   0.0011607   0.0011882
5.5151510   0.0011466   0.0011738
5.5454540   0.0011328   0.0011597
5.5757570   0.0011192   0.0011458
5.6060601   0.0011059   0.0011322
5.6363631   0.0010928   0.0011188
5.6666661   0.0010800   0.0011057
5.6969691   0.0010673   0.0010928
5.7272722   0.0010549   0.0010801
5.7575752   0.0010428   0.0010677
5.7878782   0.0010308   0.0010555
5.8181812   0.0010190   0.0010435
5.8484843   0.0010075   0.0010317
5.8787873   0.0009961   0.0010200
5.9090903   0.0009849   0.0010086
5.9393934   0.0009740   0.0009974
5.9696964   0.0009632   0.0009864
5.9999994   0.0009526   0.0009756
