omega       max_couple    E3
2.9999997   0.0061073   0.0094535
3.0303027   0.0076379   0.0108940
3.0606058   0.0188516   0.0269467
3.0909088   0.9494790   1.0000000
3.1212118   0.0345580   0.0543356
3.1515148   0.0078903   0.0120923
3.1818179   0.0053155   0.0080434
3.2121209   0.0030796   0.0045977
3.2424239   0.0027906   0.0043511
3.2727270   0.0218844   0.0703932
3.3030300   0.0320014   0.0468489
3.3333330   0.0079212   0.0118501
3.3636360   0.0058952   0.0086970
3.3939391   0.0021518   0.0071314
3.4242421   0.0013365   0.0019433
3.4545451   0.0016450   0.0024955
3.4848481   0.0455910   0.0169010
3.5151512   0.0021661   0.0028540
3.5454542   0.0019936   0.0033492
3.5757572   0.0004641   0.0006909
3.6060603   0.0003871   0.0005746
3.6363633   0.0003442   0.0005151
3.6666663   0.0004240   0.0006008
3.6969693   0.0018983   0.0072746
3.7272724   0.0003932   0.0005636
3.7575754   0.0004891   0.0007795
3.7878784   0.0002955   0.0004219
3.8181814   0.0032279   0.0047411
3.8484845   0.0032091   0.0092954
3.8787875   0.0002566   0.0003891
3.9090905   0.0002366   0.0003485
3.9393936   0.1695825   0.0052495
3.9696966   0.0003190   0.0005404
3.9999996   0.0001729   0.0002581
4.0303026   0.0001580   0.0002357
4.0606057   0.0001520   0.0002265
4.0909087   0.0001721   0.0002595
4.1212117   0.0025864   0.0043710
4.1515147   0.0002958   0.0004150
4.1818178   0.0001347   0.0002012
4.2121208   0.0001226   0.0001827
4.2424238   0.0003406   0.0003412
4.2727269   0.0001136   0.0001692
4.3030299   0.0001089   0.0001622
4.3333329   0.0001070   0.0001590
4.3636359   0.0001040   0.0001542
4.3939390   0.0000985   0.0001467
4.4242420   0.0000957   0.0001427
4.4545450   0.0000930   0.0001384
4.4848480   0.0000912   0.0001360
4.5151511   0.0000885   0.0001318
4.5454541   0.0000853   0.0001271
4.5757571   0.0000830   0.0001237
4.6060602   0.0000809   0.0001205
4.6363632   0.0000788   0.0001175
4.6666662   0.0001101   0.0007345
4.6969692   0.0000755   0.0001128
4.7272723   0.0000733   0.0001092
4.7575753   0.0000715   0.0001065
4.7878783   0.0000698   0.0001041
4.8181813   0.0000682   0.0001017
4.8484844   0.0000667   0.0000994
4.8787874   0.0000652   0.0000972
4.9090904   0.0000638   0.0000951
4.9393935   0.0000624   0.0000931
4.9696965   0.0000611   0.0000911
4.9999995   0.0000599   0.0000892
5.0303025   0.0000586   0.0000873
5.0606056   0.0000574   0.0000856
5.0909086   0.0000563   0.0000839
5.1212116   0.0000552   0.0000822
5.1515146   0.0000541   0.0000806
5.1818177   0.0000530   0.0000790
5.2121207   0.0000520   0.0000775
5.2424237   0.0000510   0.0000761
5.2727268   0.0000501   0.0000746
5.3030298   0.0000492   0.0000733
5.3333328   0.0000483   0.0000719
5.3636358   0.0000474   0.0000706
5.3939389   0.0000466   0.0000694
5.4242419   0.0000457   0.0000682
5.4545449   0.0000449   0.0000670
5.4848479   0.0000442   0.0000658
5.5151510   0.0000434   0.0000647
5.5454540   0.0000427   0.0000636
5.5757570   0.0000420   0.0000625
5.6060601   0.0000413   0.0000615
5.6363631   0.0000406   0.0000605
5.6666661   0.0000399   0.0000595
5.6969691   0.0000393   0.0000586
5.7272722   0.0000387   0.0000576
5.7575752   0.0000381   0.0000567
5.7878782   0.0000375   0.0000558
5.8181812   0.0000369   0.0000550
5.8484843   0.0000363   0.0000541
5.8787873   0.0000358   0.0000533
5.9090903   0.0000352   0.0000525
5.9393934   0.0000347   0.0000517
5.9696964   0.0000342   0.0000509
5.9999994   0.0000337   0.0000502
