omega       max_couple    E3
2.9999997   0.0006244   0.0095298
3.0303027   0.0733208   1.0000000
3.0606058   0.0269413   0.4126306
3.0909088   0.0009112   0.0147651
3.1212118   0.0004508   0.0068350
3.1515148   0.0003821   0.0058080
3.1818179   3.0007985   0.0306047
3.2121209   0.0003612   0.0054650
3.2424239   0.0193868   0.3025998
3.2727270   0.0003390   0.0051443
3.3030300   0.0003112   0.0047046
3.3333330   0.0003162   0.0047506
3.3636360   0.0003040   0.0046004
3.3939391   0.0003055   0.0046279
3.4242421   0.0003693   0.0049212
3.4545451   0.0003330   0.0050774
3.4848481   0.0247524   0.0205329
3.5151512   0.0004364   0.0067360
3.5454542   0.0006055   0.0094534
3.5757572   0.0013037   0.0205911
3.6060603   0.0222835   0.3092095
3.6363633   0.0165567   0.2316165
3.6666663   0.0012491   0.0196060
3.6969693   0.0005910   0.0092132
3.7272724   0.0004326   0.0066948
3.7575754   0.0006043   0.0091560
3.7878784   0.0004326   0.0065771
3.8181814   0.0007689   0.0117585
3.8484845   0.0006744   0.0103979
3.8787875   0.0503394   0.3957875
3.9090905   0.0024662   0.0379579
3.9393936   0.0013189   0.0311115
3.9696966   0.0004605   0.0071543
3.9999996   0.0003352   0.0051708
4.0303026   0.0005411   0.0084100
4.0606057   0.0013753   0.0201750
4.0909087   0.0009750   0.0154205
4.1212117   0.0002658   0.0040492
4.1515147   0.0005504   0.0085785
4.1818178   0.0004224   0.0207096
4.2121208   0.0003915   0.0690622
4.2424238   0.0001908   0.0028846
4.2727269   0.0002099   0.0030324
4.3030299   0.0001991   0.0030238
4.3333329   0.0021486   0.0396017
4.3636359   0.0003875   0.0059389
4.3939390   0.0001827   0.0027669
4.4242420   0.0001634   0.0024613
4.4545450   0.0001563   0.0023499
4.4848480   0.0001517   0.0022783
4.5151511   0.0001482   0.0022251
4.5454541   0.0001465   0.0021989
4.5757571   0.0001441   0.0021624
4.6060602   0.0001982   0.0027917
4.6363632   0.0001659   0.0023550
4.6666662   0.0001363   0.0020422
4.6969692   0.0001336   0.0020020
4.7272723   0.0001315   0.0019695
4.7575753   0.0001295   0.0019395
4.7878783   0.0001276   0.0019106
4.8181813   0.0001257   0.0018828
4.8484844   0.0001239   0.0018560
4.8787874   0.0001222   0.0018299
4.9090904   0.0002008   0.0042032
4.9393935   0.0001189   0.0017799
4.9696965   0.0001173   0.0017558
4.9999995   0.0001157   0.0017323
5.0303025   0.0001142   0.0017094
5.0606056   0.0001127   0.0016870
5.0909086   0.0001113   0.0016651
5.1212116   0.0001099   0.0016437
5.1515146   0.0001085   0.0016227
5.1818177   0.0001071   0.0016022
5.2121207   0.0001058   0.0015821
5.2424237   0.0001045   0.0015625
5.2727268   0.0001032   0.0015432
5.3030298   0.0001019   0.0015243
5.3333328   0.0001007   0.0015058
5.3636358   0.0000995   0.0014876
5.3939389   0.0000983   0.0014698
5.4242419   0.0000971   0.0014524
5.4545449   0.0000960   0.0014352
5.4848479   0.0000949   0.0014184
5.5151510   0.0000938   0.0014019
5.5454540   0.0000927   0.0013856
5.5757570   0.0000916   0.0013697
5.6060601   0.0000906   0.0013541
5.6363631   0.0000896   0.0013387
5.6666661   0.0000885   0.0013236
5.6969691   0.0000876   0.0013088
5.7272722   0.0000866   0.0012942
5.7575752   0.0000856   0.0012799
5.7878782   0.0000847   0.0012658
5.8181812   0.0000838   0.0012520
5.8484843   0.0000829   0.0012384
5.8787873   0.0000820   0.0012250
5.9090903   0.0000811   0.0012118
5.9393934   0.0000802   0.0011989
5.9696964   0.0000794   0.0011862
5.9999994   0.0000785   0.0011736
