omega        fd_gsik     mbpt
2.9999997   0.0062074   0.0062074
3.0303027   0.0059522   0.0059522
3.0606058   0.0063454   0.0063454
3.0909088   0.0060154   0.0060154
3.1212118   0.0062122   0.0062122
3.1515148   0.0066910   0.0066910
3.1818179   0.0079844   0.0079844
3.2121209   0.0117569   0.0117569
3.2424239   0.0373583   0.0373583
3.2727270   1.0000000   1.0000000
3.3030300   0.0221729   0.0221729
3.3333330   0.0095822   0.0095822
3.3636360   0.0068221   0.0068221
3.3939391   0.0057767   0.0057767
3.4242421   0.0060805   0.0060805
3.4545451   0.0049977   0.0049977
3.4848481   0.0046743   0.0046743
3.5151512   0.0047242   0.0047242
3.5454542   0.0094173   0.0094173
3.5757572   0.0043946   0.0043946
3.6060603   0.0041086   0.0041086
3.6363633   0.0040077   0.0040077
3.6666663   0.0040330   0.0040330
3.6969693   0.0040088   0.0040088
3.7272724   0.0091365   0.0091365
3.7575754   0.0042774   0.0042774
3.7878784   0.0041935   0.0041935
3.8181814   0.9856414   0.9856414
3.8484845   0.0112763   0.0112763
3.8787875   0.0037822   0.0037822
3.9090905   0.0072385   0.0072385
3.9393936   0.0043448   0.0043448
3.9696966   0.0071749   0.0071749
3.9999996   0.5384299   0.5384299
4.0303026   0.0086354   0.0086354
4.0606057   0.0044654   0.0044654
4.0909087   0.0038041   0.0038041
4.1212117   0.0032440   0.0032440
4.1515147   0.0030875   0.0030875
4.1818178   0.0030695   0.0030695
4.2121208   0.0031391   0.0031391
4.2424238   0.0028463   0.0028463
4.2727269   0.0028018   0.0028018
4.3030299   0.0030535   0.0030535
4.3333329   0.0027603   0.0027603
4.3636359   0.0026523   0.0026523
4.3939390   0.0026085   0.0026085
4.4242420   0.0025926   0.0025926
4.4545450   0.0038190   0.0038190
4.4848480   0.0033849   0.0033849
4.5151511   0.0035034   0.0035034
4.5454541   0.0024672   0.0024672
4.5757571   0.0023783   0.0023783
4.6060602   0.0023412   0.0023412
4.6363632   0.0023103   0.0023103
4.6666662   0.0022715   0.0022715
4.6969692   0.0022701   0.0022701
4.7272723   0.0022098   0.0022098
4.7575753   0.0027168   0.0027168
4.7878783   0.0021509   0.0021509
4.8181813   0.0021221   0.0021221
4.8484844   0.0020961   0.0020961
4.8787874   0.0020760   0.0020760
4.9090904   0.0021464   0.0021464
4.9393935   0.0021115   0.0021115
4.9696965   0.0020032   0.0020032
4.9999995   0.0019680   0.0019680
5.0303025   0.0019386   0.0019386
5.0606056   0.0019133   0.0019133
5.0909086   0.0018891   0.0018891
5.1212116   0.0018656   0.0018656
5.1515146   0.0018427   0.0018427
5.1818177   0.0018202   0.0018202
5.2121207   0.0017982   0.0017982
5.2424237   0.0017766   0.0017766
5.2727268   0.0017554   0.0017554
5.3030298   0.0017346   0.0017346
5.3333328   0.0017142   0.0017142
5.3636358   0.0016942   0.0016942
5.3939389   0.0016745   0.0016745
5.4242419   0.0016552   0.0016552
5.4545449   0.0016362   0.0016362
5.4848479   0.0016176   0.0016176
5.5151510   0.0015992   0.0015992
5.5454540   0.0015812   0.0015812
5.5757570   0.0015635   0.0015635
5.6060601   0.0015461   0.0015461
5.6363631   0.0015290   0.0015290
5.6666661   0.0015122   0.0015122
5.6969691   0.0014956   0.0014956
5.7272722   0.0014794   0.0014794
5.7575752   0.0014634   0.0014634
5.7878782   0.0014476   0.0014476
5.8181812   0.0014321   0.0014321
5.8484843   0.0014169   0.0014169
5.8787873   0.0014019   0.0014019
5.9090903   0.0013871   0.0013871
5.9393934   0.0013726   0.0013726
5.9696964   0.0013583   0.0013583
5.9999994   0.0013443   0.0013443
