omega        fd_gsik     mbpt
2.9999997   0.0682503   0.0682505
3.0303027   0.0706887   0.0706890
3.0606058   0.1148011   0.1148013
3.0909088   1.0000000   1.0000000
3.1212118   0.4901729   0.4901730
3.1515148   0.3731615   0.3731616
3.1818179   0.0706145   0.0706146
3.2121209   0.0495420   0.0495422
3.2424239   0.0427044   0.0427046
3.2727270   0.0391608   0.0391609
3.3030300   0.0369265   0.0369266
3.3333330   0.0353556   0.0353557
3.3636360   0.0342195   0.0342196
3.3939391   0.0531049   0.0531050
3.4242421   0.0326205   0.0326206
3.4545451   0.0320868   0.0320869
3.4848481   0.0319708   0.0319708
3.5151512   0.0325399   0.0325399
3.5454542   0.0348848   0.0348849
3.5757572   0.0444740   0.0444740
3.6060603   0.1419299   0.1419299
3.6363633   0.3080086   0.3080086
3.6666663   0.0485805   0.0485806
3.6969693   0.0335533   0.0335533
3.7272724   0.0294830   0.0294831
3.7575754   0.0278614   0.0278614
3.7878784   0.0275273   0.0275274
3.8181814   0.0308839   0.0308839
3.8484845   0.0649746   0.0649746
3.8787875   0.0687543   0.0687543
3.9090905   0.0282995   0.0282995
3.9393936   0.0448405   0.0448406
3.9696966   0.0237008   0.0237008
3.9999996   0.0224455   0.0224455
4.0303026   0.0218012   0.0218012
4.0606057   0.0213002   0.0213002
4.0909087   0.0208678   0.0208678
4.1212117   0.0204849   0.0204849
4.1515147   0.0203494   0.0203495
4.1818178   0.0198516   0.0198517
4.2121208   0.0194323   0.0194323
4.2424238   0.0191036   0.0191036
4.2727269   0.0187953   0.0187953
4.3030299   0.0184999   0.0184999
4.3333329   0.0182157   0.0182158
4.3636359   0.0179425   0.0179425
4.3939390   0.0176807   0.0176807
4.4242420   0.0174321   0.0174321
4.4545450   0.0172012   0.0172012
4.4848480   0.0170004   0.0170004
4.5151511   0.0168748   0.0168748
4.5454541   0.0172139   0.0172139
4.5757571   0.0230855   0.0230855
4.6060602   0.0201377   0.0201377
4.6363632   0.0818699   0.0818699
4.6666662   0.0304360   0.0304360
4.6969692   0.0175593   0.0175593
4.7272723   0.0155706   0.0155706
4.7575753   0.0150843   0.0150843
4.7878783   0.0147841   0.0147841
4.8181813   0.0147163   0.0147163
4.8484844   0.0143216   0.0143216
4.8787874   0.0141150   0.0141150
4.9090904   0.0139233   0.0139233
4.9393935   0.0137919   0.0137919
4.9696965   0.0135983   0.0135983
4.9999995   0.0141846   0.0141846
5.0303025   0.0132066   0.0132066
5.0606056   0.0130286   0.0130286
5.0909086   0.0128612   0.0128612
5.1212116   0.0126985   0.0126985
5.1515146   0.0125395   0.0125395
5.1818177   0.0123840   0.0123840
5.2121207   0.0122315   0.0122316
5.2424237   0.0120821   0.0120822
5.2727268   0.0119356   0.0119356
5.3030298   0.0117919   0.0117919
5.3333328   0.0116509   0.0116509
5.3636358   0.0115125   0.0115125
5.3939389   0.0113767   0.0113767
5.4242419   0.0112433   0.0112433
5.4545449   0.0111123   0.0111123
5.4848479   0.0109836   0.0109836
5.5151510   0.0108572   0.0108572
5.5454540   0.0107331   0.0107331
5.5757570   0.0106111   0.0106111
5.6060601   0.0104912   0.0104912
5.6363631   0.0103733   0.0103733
5.6666661   0.0102575   0.0102575
5.6969691   0.0101437   0.0101437
5.7272722   0.0100317   0.0100317
5.7575752   0.0099216   0.0099216
5.7878782   0.0098134   0.0098134
5.8181812   0.0097069   0.0097069
5.8484843   0.0096022   0.0096022
5.8787873   0.0094992   0.0094992
5.9090903   0.0093978   0.0093978
5.9393934   0.0092981   0.0092981
5.9696964   0.0092000   0.0092000
5.9999994   0.0091034   0.0091034
