omega       max_couple     E3
2.9999997   0.0026298   0.0682503
3.0303027   0.0024996   0.0706887
3.0606058   0.0038890   0.1148011
3.0909088   0.0275892   1.0000000
3.1212118   0.0245224   0.4901729
3.1515148   0.0313466   0.3731615
3.1818179   0.0023931   0.0706145
3.2121209   0.0017770   0.0495420
3.2424239   0.0015508   0.0427044
3.2727270   0.0014299   0.0391608
3.3030300   0.0013525   0.0369265
3.3333330   0.0012975   0.0353556
3.3636360   0.0012584   0.0342195
3.3939391   0.0014357   0.0531049
3.4242421   0.0011986   0.0326205
3.4545451   0.0011802   0.0320868
3.4848481   0.0011757   0.0319708
3.5151512   0.0011957   0.0325399
3.5454542   0.0012810   0.0348848
3.5757572   0.0016468   0.0444740
3.6060603   0.0064764   0.1419299
3.6363633   0.0105987   0.3080086
3.6666663   0.0016942   0.0485805
3.6969693   0.0012097   0.0335533
3.7272724   0.0010755   0.0294830
3.7575754   0.0010212   0.0278614
3.7878784   0.0010125   0.0275273
3.8181814   0.0011395   0.0308839
3.8484845   0.0025564   0.0649746
3.8787875   0.0021680   0.0687543
3.9090905   0.0010242   0.0282995
3.9393936   4.4243868   0.0448405
3.9696966   0.0008681   0.0237008
3.9999996   0.0008280   0.0224455
4.0303026   0.0008055   0.0218012
4.0606057   0.0007877   0.0213002
4.0909087   0.0007721   0.0208678
4.1212117   0.0007585   0.0204849
4.1515147   0.0011032   0.0203494
4.1818178   0.0007334   0.0198516
4.2121208   0.0007196   0.0194323
4.2424238   0.0007077   0.0191036
4.2727269   0.0006964   0.0187953
4.3030299   0.0006856   0.0184999
4.3333329   0.0006751   0.0182157
4.3636359   0.0006651   0.0179425
4.3939390   0.0006554   0.0176807
4.4242420   0.0006463   0.0174321
4.4545450   0.0006378   0.0172012
4.4848480   0.0006304   0.0170004
4.5151511   0.0006260   0.0168748
4.5454541   0.0006467   0.0172139
4.5757571   0.0007037   0.0230855
4.6060602   0.0009761   0.0201377
4.6363632   0.0028938   0.0818699
4.6666662   0.0013920   0.0304360
4.6969692   0.0006342   0.0175593
4.7272723   0.0005752   0.0155706
4.7575753   0.0005588   0.0150843
4.7878783   0.0005482   0.0147841
4.8181813   0.0005488   0.0147163
4.8484844   0.0005314   0.0143216
4.8787874   0.0005238   0.0141150
4.9090904   0.0005168   0.0139233
4.9393935   0.0005144   0.0137919
4.9696965   0.0005046   0.0135983
4.9999995   0.0005060   0.0141846
5.0303025   0.0004903   0.0132066
5.0606056   0.0004838   0.0130286
5.0909086   0.0004776   0.0128612
5.1212116   0.0004716   0.0126985
5.1515146   0.0004657   0.0125395
5.1818177   0.0004600   0.0123840
5.2121207   0.0004543   0.0122315
5.2424237   0.0004488   0.0120821
5.2727268   0.0004434   0.0119356
5.3030298   0.0004381   0.0117919
5.3333328   0.0004329   0.0116509
5.3636358   0.0004277   0.0115125
5.3939389   0.0004227   0.0113767
5.4242419   0.0004178   0.0112433
5.4545449   0.0004129   0.0111123
5.4848479   0.0004082   0.0109836
5.5151510   0.0004035   0.0108572
5.5454540   0.0003989   0.0107331
5.5757570   0.0003944   0.0106111
5.6060601   0.0003899   0.0104912
5.6363631   0.0003856   0.0103733
5.6666661   0.0003813   0.0102575
5.6969691   0.0003771   0.0101437
5.7272722   0.0003729   0.0100317
5.7575752   0.0003688   0.0099216
5.7878782   0.0003648   0.0098134
5.8181812   0.0003609   0.0097069
5.8484843   0.0003570   0.0096022
5.8787873   0.0003532   0.0094992
5.9090903   0.0003494   0.0093978
5.9393934   0.0003457   0.0092981
5.9696964   0.0003421   0.0092000
5.9999994   0.0003385   0.0091034
