omega       max_couple     E3
2.9999997   0.0000162   0.0088010
3.0303027   0.0003096   0.0125717
3.0606058   0.0000082   0.0036521
3.0909088   0.0000129   0.0056862
3.1212118   0.0007150   0.5975013
3.1515148   0.0000176   0.0070337
3.1818179   0.0000102   0.0135016
3.2121209   0.0000047   0.0019524
3.2424239   0.0000040   0.0016647
3.2727270   0.0000037   0.0015224
3.3030300   0.0000035   0.0014411
3.3333330   0.0000037   1.0000000
3.3636360   0.0000033   0.0013538
3.3939391   0.0000032   0.0013404
3.4242421   0.0000033   0.0013712
3.4545451   0.0000037   0.0015246
3.4848481   0.0000060   0.0023916
3.5151512   2.2515176   0.1305209
3.5454542   0.0000067   0.0030185
3.5757572   0.0000036   0.0015130
3.6060603   0.0000030   0.0012531
3.6363633   0.0000028   0.0011582
3.6666663   0.0000028   0.0014809
3.6969693   0.0000026   0.0010891
3.7272724   0.0000026   0.0010938
3.7575754   0.0000031   0.0011375
3.7878784   0.0000037   0.0014899
3.8181814   0.0000422   0.0339958
3.8484845   0.0000034   0.0014521
3.8787875   0.0000044   0.0016743
3.9090905   0.0000061   0.0025453
3.9393936   0.0001119   0.0416206
3.9696966   0.0000116   0.0051668
3.9999996   0.0000040   0.0017253
4.0303026   0.0000028   0.0011755
4.0606057   0.0000025   0.0010357
4.0909087   0.0000024   0.0010008
4.1212117   0.0000026   0.0010712
4.1515147   0.0000040   0.0015655
4.1818178   0.0001697   0.0281145
4.2121208   0.0000051   0.0024475
4.2424238   0.0000025   0.0012470
4.2727269   0.0000021   0.0008771
4.3030299   0.0000019   0.0008074
4.3333329   0.0000026   0.0008822
4.3636359   0.0000019   0.0007912
4.3939390   0.0000056   0.0008980
4.4242420   0.0000017   0.0007102
4.4545450   0.0000018   0.0007331
4.4848480   0.0000966   0.2724543
4.5151511   0.0000019   0.0007881
4.5454541   0.0000023   0.0011087
4.5757571   0.0000016   0.0006580
4.6060602   0.0000015   0.0006284
4.6363632   0.0000015   0.0006193
4.6666662   0.0000015   0.0006018
4.6969692   0.0000014   0.0005916
4.7272723   0.0000014   0.0005823
4.7575753   0.0000014   0.0005736
4.7878783   0.0000014   0.0005654
4.8181813   0.0000014   0.0005584
4.8484844   0.0000016   0.0005791
4.8787874   0.0000013   0.0005482
4.9090904   0.0000022   0.0183484
4.9393935   0.0000013   0.0005305
4.9696965   0.0000013   0.0005362
4.9999995   0.0000012   0.0005131
5.0303025   0.0000012   0.0005061
5.0606056   0.0000012   0.0004994
5.0909086   0.0000012   0.0004929
5.1212116   0.0000012   0.0004866
5.1515146   0.0000012   0.0004804
5.1818177   0.0000012   0.0004744
5.2121207   0.0000011   0.0004685
5.2424237   0.0000011   0.0004627
5.2727268   0.0000011   0.0004570
5.3030298   0.0000011   0.0004514
5.3333328   0.0000011   0.0004460
5.3636358   0.0000011   0.0004406
5.3939389   0.0000011   0.0004354
5.4242419   0.0000010   0.0004302
5.4545449   0.0000010   0.0004252
5.4848479   0.0000010   0.0004202
5.5151510   0.0000010   0.0004153
5.5454540   0.0000010   0.0004105
5.5757570   0.0000010   0.0004058
5.6060601   0.0000010   0.0004012
5.6363631   0.0000010   0.0003967
5.6666661   0.0000010   0.0003922
5.6969691   0.0000009   0.0003878
5.7272722   0.0000009   0.0003835
5.7575752   0.0000009   0.0003793
5.7878782   0.0000009   0.0003751
5.8181812   0.0000009   0.0003711
5.8484843   0.0000009   0.0003670
5.8787873   0.0000009   0.0003631
5.9090903   0.0000009   0.0003592
5.9393934   0.0000009   0.0003554
5.9696964   0.0000009   0.0003516
5.9999994   0.0000008   0.0003479
