omega        fd_gsik      mbpt
2.9999997   0.0024444   0.0024444
3.0303027   0.0002964   0.0002964
3.0606058   0.0080856   0.0080856
3.0909088   0.0465371   0.0465371
3.1212118   0.1437581   0.1437581
3.1515148   0.0010983   0.0010983
3.1818179   0.0083059   0.0083059
3.2121209   1.0000000   1.0000000
3.2424239   0.0016995   0.0016995
3.2727270   0.0005941   0.0005941
3.3030300   0.0100836   0.0100836
3.3333330   0.0008456   0.0008456
3.3636360   0.0005481   0.0005481
3.3939391   0.0091124   0.0091124
3.4242421   0.0004472   0.0004472
3.4545451   0.0001993   0.0001993
3.4848481   0.0001710   0.0001710
3.5151512   0.0002583   0.0002583
3.5454542   0.0004710   0.0004710
3.5757572   0.0001649   0.0001649
3.6060603   0.0001453   0.0001453
3.6363633   0.0001712   0.0001712
3.6666663   0.0008792   0.0008792
3.6969693   0.0001712   0.0001712
3.7272724   0.0135524   0.0135524
3.7575754   0.0061692   0.0061692
3.7878784   0.0001568   0.0001568
3.8181814   0.0001412   0.0001412
3.8484845   0.0003228   0.0003228
3.8787875   0.0001124   0.0001124
3.9090905   0.0001034   0.0001034
3.9393936   0.0000997   0.0000997
3.9696966   0.0000970   0.0000970
3.9999996   0.0000946   0.0000946
4.0303026   0.0000925   0.0000925
4.0606057   0.0000906   0.0000906
4.0909087   0.0000888   0.0000888
4.1212117   0.0000871   0.0000871
4.1515147   0.0000855   0.0000855
4.1818178   0.0000840   0.0000840
4.2121208   0.0000828   0.0000828
4.2424238   0.0000821   0.0000821
4.2727269   0.0000848   0.0000848
4.3030299   0.0003445   0.0003445
4.3333329   0.0000819   0.0000819
4.3636359   0.0000822   0.0000822
4.3939390   0.0001093   0.0001093
4.4242420   0.0003641   0.0003641
4.4545450   0.0000844   0.0000844
4.4848480   0.0000741   0.0000741
4.5151511   0.0000712   0.0000712
4.5454541   0.0000694   0.0000694
4.5757571   0.0000676   0.0000676
4.6060602   0.0000665   0.0000665
4.6363632   0.0000686   0.0000686
4.6666662   0.0000647   0.0000647
4.6969692   0.0000634   0.0000634
4.7272723   0.0000631   0.0000631
4.7575753   0.0001284   0.0001284
4.7878783   0.0000621   0.0000621
4.8181813   0.0000599   0.0000599
4.8484844   0.0000727   0.0000727
4.8787874   0.0000577   0.0000577
4.9090904   0.0000582   0.0000582
4.9393935   0.0000559   0.0000559
4.9696965   0.0000551   0.0000551
4.9999995   0.0000543   0.0000543
5.0303025   0.0000535   0.0000535
5.0606056   0.0000528   0.0000528
5.0909086   0.0000521   0.0000521
5.1212116   0.0000514   0.0000514
5.1515146   0.0000507   0.0000507
5.1818177   0.0000500   0.0000500
5.2121207   0.0000493   0.0000493
5.2424237   0.0000487   0.0000487
5.2727268   0.0000480   0.0000480
5.3030298   0.0000474   0.0000474
5.3333328   0.0000468   0.0000468
5.3636358   0.0000462   0.0000462
5.3939389   0.0000456   0.0000456
5.4242419   0.0000450   0.0000450
5.4545449   0.0000445   0.0000445
5.4848479   0.0000439   0.0000439
5.5151510   0.0000434   0.0000434
5.5454540   0.0000429   0.0000429
5.5757570   0.0000423   0.0000423
5.6060601   0.0000418   0.0000418
5.6363631   0.0000413   0.0000413
5.6666661   0.0000408   0.0000408
5.6969691   0.0000403   0.0000403
5.7272722   0.0000399   0.0000399
5.7575752   0.0000394   0.0000394
5.7878782   0.0000389   0.0000389
5.8181812   0.0000385   0.0000385
5.8484843   0.0000380   0.0000380
5.8787873   0.0000376   0.0000376
5.9090903   0.0000372   0.0000372
5.9393934   0.0000368   0.0000368
5.9696964   0.0000363   0.0000363
5.9999994   0.0000359   0.0000359
