omega       max_couple     E3
2.9999997   0.0000377   0.0007928
3.0303027   0.0000328   0.0007109
3.0606058   0.0000329   0.0008474
3.0909088   0.0000317   0.0007405
3.1212118   0.0001639   1.0000000
3.1515148   0.0000280   0.0006060
3.1818179   0.0000312   0.0006811
3.2121209   0.0000269   0.0005796
3.2424239   0.0000258   0.0005561
3.2727270   0.0000265   0.0005763
3.3030300   0.0015975   0.1270941
3.3333330   0.0000784   0.0007824
3.3636360   0.0000318   0.0008166
3.3939391   1.1765771   0.0121623
3.4242421   0.0000936   0.0010309
3.4545451   0.0000225   0.0004737
3.4848481   0.0000206   0.0004426
3.5151512   0.0001313   0.0031484
3.5454542   0.0000205   0.0004556
3.5757572   0.0000188   0.0004052
3.6060603   0.0000182   0.0003925
3.6363633   0.0000191   0.0004126
3.6666663   0.0003496   0.0011395
3.6969693   0.0000178   0.0003813
3.7272724   0.0000298   0.0106024
3.7575754   0.0000168   0.0003611
3.7878784   0.0000156   0.0003353
3.8181814   0.0000152   0.0003278
3.8484845   0.0000176   0.0004819
3.8787875   0.0000146   0.0003135
3.9090905   0.0000140   0.0003021
3.9393936   0.0000137   0.0002946
3.9696966   0.0000133   0.0002879
3.9999996   0.0000131   0.0002815
4.0303026   0.0000128   0.0002755
4.0606057   0.0000125   0.0002697
4.0909087   0.0000122   0.0002641
4.1212117   0.0000120   0.0002587
4.1515147   0.0000118   0.0002535
4.1818178   0.0000115   0.0002485
4.2121208   0.0000113   0.0002438
4.2424238   0.0000111   0.0002396
4.2727269   0.0000110   0.0002382
4.3030299   0.0000695   0.0004387
4.3333329   0.0000106   0.0002293
4.3636359   0.0000105   0.0002263
4.3939390   0.0000110   0.0002445
4.4242420   0.0000434   0.0004415
4.4545450   0.0000103   0.0002189
4.4848480   0.0000097   0.0002080
4.5151511   0.0000094   0.0002030
4.5454541   0.0000092   0.0001988
4.5757571   0.0000090   0.0001948
4.6060602   0.0000089   0.0001913
4.6363632   0.0000088   0.0001905
4.6666662   0.0000086   0.0001850
4.6969692   0.0000084   0.0001816
4.7272723   0.0000083   0.0001791
4.7575753   0.0000092   0.0002281
4.7878783   0.0000081   0.0001739
4.8181813   0.0000079   0.0001700
4.8484844   0.0000099   0.0001780
4.8787874   0.0000076   0.0001642
4.9090904   0.0000075   0.0001615
4.9393935   0.0000074   0.0001589
4.9696965   0.0000072   0.0001564
4.9999995   0.0000071   0.0001539
5.0303025   0.0000070   0.0001516
5.0606056   0.0000069   0.0001492
5.0909086   0.0000068   0.0001470
5.1212116   0.0000067   0.0001447
5.1515146   0.0000066   0.0001426
5.1818177   0.0000065   0.0001405
5.2121207   0.0000064   0.0001384
5.2424237   0.0000063   0.0001364
5.2727268   0.0000062   0.0001344
5.3030298   0.0000061   0.0001325
5.3333328   0.0000061   0.0001306
5.3636358   0.0000060   0.0001287
5.3939389   0.0000059   0.0001269
5.4242419   0.0000058   0.0001251
5.4545449   0.0000057   0.0001234
5.4848479   0.0000056   0.0001217
5.5151510   0.0000056   0.0001200
5.5454540   0.0000055   0.0001184
5.5757570   0.0000054   0.0001168
5.6060601   0.0000053   0.0001152
5.6363631   0.0000053   0.0001137
5.6666661   0.0000052   0.0001122
5.6969691   0.0000051   0.0001107
5.7272722   0.0000051   0.0001093
5.7575752   0.0000050   0.0001079
5.7878782   0.0000049   0.0001065
5.8181812   0.0000049   0.0001051
5.8484843   0.0000048   0.0001038
5.8787873   0.0000048   0.0001025
5.9090903   0.0000047   0.0001012
5.9393934   0.0000046   0.0000999
5.9696964   0.0000046   0.0000987
5.9999994   0.0000045   0.0000975
