 NMO_intial
          12
 initial_idx final_idx initial_moeng final_moeng dipole_sq_mod
           1           1   2.8178499289199998E-003   2.8178499289199998E-003   5.2496247105420535E-010
           1           2   2.8178499289199998E-003   2.8178501309399999E-003   1.0221239638621760     
           1           3   2.8178499289199998E-003   2.8178505203800002E-003   1.0221239513672535     
           1           4   2.8178499289199998E-003   3.0195919853300002E-002   2.3244009262784155     
           1           5   2.8178499289199998E-003   3.0195920250700000E-002   2.3244009115555735     
           1           6   2.8178499289199998E-003   3.0195920444300001E-002   3.9805063962915068E-010
           1           7   2.8178499289199998E-003   5.1228746110999999E-002   4.6656044956950291     
           1           8   2.8178499289199998E-003   5.1228746127799998E-002   4.6656045081643569     
           1           9   2.8178499289199998E-003   5.1228746152299998E-002   1.3181665184388072E-010
           1          10   2.8178499289199998E-003   5.8656313290100001E-002  0.37210631318459475     
           1          11   2.8178499289199998E-003   7.7314718486200001E-002   7.6887727107956492     
           1          12   2.8178499289199998E-003   7.7314718726400000E-002   6.9910774366990933E-002
           2           2   2.8178501309399999E-003   2.8178501309399999E-003   5.2469190462170599E-010
           2           3   2.8178501309399999E-003   2.8178505203800002E-003   1.0221239432065847     
           2           4   2.8178501309399999E-003   3.0195919853300002E-002   2.3244010846267602     
           2           5   2.8178501309399999E-003   3.0195920250700000E-002   3.9799122247390452E-010
           2           6   2.8178501309399999E-003   3.0195920444300001E-002   2.3244009925519840     
           2           7   2.8178501309399999E-003   5.1228746110999999E-002   4.6656022910863530     
           2           8   2.8178501309399999E-003   5.1228746127799998E-002   1.3185857333026597E-010
           2           9   2.8178501309399999E-003   5.1228746152299998E-002   4.6656044445844795     
           2          10   2.8178501309399999E-003   5.8656313290100001E-002  0.37210636308303385     
           2          11   2.8178501309399999E-003   7.7314718486200001E-002   2.6094502108917617     
           2          12   2.8178501309399999E-003   7.7314718726400000E-002   5.1491613860534295     
           3           3   2.8178505203800002E-003   2.8178505203800002E-003   5.2491858676156372E-010
           3           4   2.8178505203800002E-003   3.0195919853300002E-002   3.9797214448392849E-010
           3           5   2.8178505203800002E-003   3.0195920250700000E-002   2.3244011108996565     
           3           6   2.8178505203800002E-003   3.0195920444300001E-002   2.3244010440518030     
           3           7   2.8178505203800002E-003   5.1228746110999999E-002   1.3167971251111616E-010
           3           8   2.8178505203800002E-003   5.1228746127799998E-002   4.6656022672230444     
           3           9   2.8178505203800002E-003   5.1228746152299998E-002   4.6656023167600846     
           3          10   2.8178505203800002E-003   5.8656313290100001E-002  0.37210638158875758     
           3          11   2.8178505203800002E-003   7.7314718486200001E-002   1.3396661310067863     
           3          12   2.8178505203800002E-003   7.7314718726400000E-002   6.4188168687615752     
           4           4   3.0195919853300002E-002   3.0195919853300002E-002   2.0901134374585355E-010
           4           5   3.0195919853300002E-002   3.0195920250700000E-002   4.9285028279626086     
           4           6   3.0195919853300002E-002   3.0195920444300001E-002   4.9285029008045376     
           4           7   3.0195919853300002E-002   5.1228746110999999E-002   3.4950261498302146E-011
           4           8   3.0195919853300002E-002   5.1228746127799998E-002  0.53898080364440415     
           4           9   3.0195919853300002E-002   5.1228746152299998E-002  0.53898080440627372     
           4          10   3.0195919853300002E-002   5.8656313290100001E-002   6.6143349773094195     
           4          11   3.0195919853300002E-002   7.7314718486200001E-002  0.16893433608313455     
           4          12   3.0195919853300002E-002   7.7314718726400000E-002  0.80939645107800018     
           5           5   3.0195920250700000E-002   3.0195920250700000E-002   2.0889334444116787E-010
           5           6   3.0195920250700000E-002   3.0195920444300001E-002   4.9285029088605778     
           5           7   3.0195920250700000E-002   5.1228746110999999E-002  0.53898079357484752     
           5           8   3.0195920250700000E-002   5.1228746127799998E-002   3.4994460997523618E-011
           5           9   3.0195920250700000E-002   5.1228746152299998E-002  0.53897998448354278     
           5          10   3.0195920250700000E-002   5.8656313290100001E-002   6.6143349907042772     
           5          11   3.0195920250700000E-002   7.7314718486200001E-002  0.32905041975601529     
           5          12   3.0195920250700000E-002   7.7314718726400000E-002  0.64925673024420738     
           6           6   3.0195920444300001E-002   3.0195920444300001E-002   2.0920396764032827E-010
           6           7   3.0195920444300001E-002   5.1228746110999999E-002  0.53897992972325370     
           6           8   3.0195920444300001E-002   5.1228746127799998E-002  0.53897992738338663     
           6           9   3.0195920444300001E-002   5.1228746152299998E-002   3.4995726443168427E-011
           6          10   3.0195920444300001E-002   5.8656313290100001E-002   6.6143350254184057     
           6          11   3.0195920444300001E-002   7.7314718486200001E-002  0.96948106633275477     
           6          12   3.0195920444300001E-002   7.7314718726400000E-002   8.8128860427905773E-003
           7           7   5.1228746110999999E-002   5.1228746110999999E-002   1.8832672580694969E-019
           7           8   5.1228746110999999E-002   5.1228746127799998E-002   1.7095630677967510     
           7           9   5.1228746110999999E-002   5.1228746152299998E-002   1.7095627380345750     
           7          10   5.1228746110999999E-002   5.8656313290100001E-002   1.7381334322508373E-013
           7          11   5.1228746110999999E-002   7.7314718486200001E-002   6.7810557950039811     
           7          12   5.1228746110999999E-002   7.7314718726400000E-002   1.4152883638732556     
           8           8   5.1228746127799998E-002   5.1228746127799998E-002   8.9242437664394642E-018
           8           9   5.1228746127799998E-002   5.1228746152299998E-002   1.7095624121740303     
           8          10   5.1228746127799998E-002   5.8656313290100001E-002   1.7498090900343099E-013
           8          11   5.1228746127799998E-002   7.7314718486200001E-002   5.4396138707397199     
           8          12   5.1228746127799998E-002   7.7314718726400000E-002   2.7567295728569774     
           9           9   5.1228746152299998E-002   5.1228746152299998E-002   4.3780912541936576E-018
           9          10   5.1228746152299998E-002   5.8656313290100001E-002   1.6888210303775104E-013
           9          11   5.1228746152299998E-002   7.7314718486200001E-002   7.3847164274985277E-002
           9          12   5.1228746152299998E-002   7.7314718726400000E-002   8.1224973227322099     
          10          10   5.8656313290100001E-002   5.8656313290100001E-002   4.7264462992938827E-015
          10          11   5.8656313290100001E-002   7.7314718486200001E-002   3.6533052677316547E-017
          10          12   5.8656313290100001E-002   7.7314718726400000E-002   4.3788281862262885E-017
          11          11   7.7314718486200001E-002   7.7314718486200001E-002   1.0418551748499520E-031
          11          12   7.7314718486200001E-002   7.7314718726400000E-002   6.2157386896601206E-022
          12          12   7.7314718726400000E-002   7.7314718726400000E-002   3.6980507378991419E-022
