NMO
310
mo_idx  moeng    electron_capture_cross_section
1   -0.045634447 2.058649581
2   -0.043382181 0.897079702
3   -0.043382181 0.897079653
4   -0.043382181 0.945374835
5   -0.035522831 0.509602137
6   -0.035522831 0.509602114
7   -0.03552283  0.373721912
8   -0.03406186  1.438712055
9   -0.032255641 0.678560728
10  -0.03225564  1.038329184
11  -0.028482246  0.017919827
12  -0.028482246  0.093739724
13  -0.027473106  1.192663483
14  -0.027473106  1.483380815
15  -0.027473105  1.483381306
16  -0.026063536  0.276281819
17  -0.026063536  0.276281828
18  -0.026063535  0.272723278
19  -0.023689867  0.054438977
20  -0.023689867  0.018888002
21  -0.023689867  0.018887856
22  -0.022472882  0.044786821
23  -0.01965056  2.681952673
24  -0.01965056  2.055679132
25  -0.019650559 2.055679146
26  -0.016800179 0.072365465
27  -0.016800179 0.065477989
28  -0.016800178 0.065477911
29  -0.014773235 0.069487776
30  -0.014773235 0.06948745
31  -0.014773235 0.094846933
32  -0.013812154 1.347309617
33  -0.012666541 0.90520088
34  -0.01266654  0.988041149
35  -0.011841574 2.192127964
36  -0.009839108 0.57794648
37  -0.009839108 0.577946121
38  -0.009839108 0.381004444
39  -0.008330833 0.60400127
40  -0.008330833 0.604001067
41  -0.008330832 0.505588289
42  -0.005547352 0.363756053
43  -0.005547352 3.288676701
44  -0.005547352 3.288679831
45  -0.005545815 9.367285001
46  -0.005545815 1.211029196
47  -0.004799262 1.242990373
48  -0.004799262 1.242988668
49  -0.004799262 1.174390719
50  -0.004339071 0.543631296
51  -0.00433907 0.935993168
52  -0.00433907 0.935996962
53  -0.003749328 5.746247502
54  -0.003073861 0.66045015
55  -0.003073861 0.474385447
56  -0.001606219 0.944268285
57  -0.001606219 0.260120241
58  -0.001606219 0.260119877
59  -0.001019699 0.0024122
60  -0.001019699 0.043938134
61  -0.001019699 0.043938123
62  0.001264191 0.457507495
63  0.001264191 0.672980893
64  0.001264191 0.672979848
65  0.002365474 1.925733899
66  0.002365474 1.744505598
67  0.002365475 1.744505631
68  0.002675954 0.008612392
69  0.002944015 1.893181505
70  0.002944015 1.427591293
71  0.004359036 0.569654187
72  0.004359036 0.569654467
73  0.004359036 0.25347796
74  0.006594234 2.393866336
75  0.006594234 3.704724823
76  0.006950421 0.651877543
77  0.006950421 0.651868339
78  0.006950421 0.571035018
79  0.008086842 1.50045714
80  0.010252099 0.118469312
81  0.010252099 0.118470251
82  0.010252099 0.108522656
83  0.010716885 0.671285233
84  0.010716885 0.383154416
85  0.010716885 0.383154679
86  0.01519818  1.624368302
87  0.01519818  1.322762407
88  0.01519818  1.322762415
89  0.01877571  0.862850943
90  0.018775711 0.911892499
91  0.018775711 0.911892265
92  0.021614937 0.098913399
93  0.021614937 0.098913693
94  0.021614938 1.025353692
95  0.021930475 1.820419585
96  0.021930476 1.533176342
97  0.023063507 0.164542453
98  0.023063507 0.164542398
99  0.023063507 0.150355035
100 0.024265422 1.444383441
101 0.027244488 0.003762549
102 0.028856529 0.919825906
103 0.028948444 1.080031473
104 0.028948444 1.104135542
105 0.029600902 1.842530464
106 0.029600902 1.842529911
107 0.029600903 8.466162709
108 0.03002008  0.001543509
109 0.03002008  0.006625837
110 0.030020081 0.006625811
111 0.030841971 1.536902396
112 0.030841971 1.113935139
113 0.030841971 1.113934621
114 0.032322528 0.178930369
115 0.032322528 0.406478916
116 0.032322529 0.406478741
117 0.033050462 0.648182526
118 0.033050462 0.67659609
119 0.033050462 0.676597647
120 0.03527774  0.012214467
121 0.03527774  0.012214453
122 0.03527774  5.78525E-05
123 0.03707373  16.77366117
124 0.03707373  15.974021
125 0.038280677 2.162402983
126 0.038280677 2.162402875
127 0.038280677 2.131055725
128 0.040430166 0.023333992
129 0.040430166 0.069767001
130 0.040430166 0.069767062
131 0.041183731 3.978077738
132 0.041183732 2.196783261
133 0.041183732 2.196783304
134 0.04159912  0.945640079
135 0.04159912  0.670537967
136 0.043357469 0.011044947
137 0.043357469 0.010704341
138 0.043357469 0.010704247
139 0.044195694 0.84291761
140 0.044195694 0.546834824
141 0.044195694 0.546835226
142 0.045510794 0.40251171
143 0.048622068 0.174357319
144 0.048622069 0.150554417
145 0.048622069 0.150554613
146 0.051190954 0.037009496
147 0.052312624 17.81922797
148 0.052312624 14.01722191
149 0.052312624 14.01722292
150 0.053314951 0.944698904
151 0.053314951 1.200999121
152 0.053351034 0.824770571
153 0.053351034 0.824769276
154 0.053351034 1.469154651
155 0.058501877 0.009800398
156 0.058501877 0.035231907
157 0.058501877 0.035231863
158 0.059936542 1.791887763
159 0.059936543 1.716884507
160 0.060692407 0.098277319
161 0.060692407 0.098277416
162 0.060692408 0.135039786
163 0.061188188 15.80595888
164 0.061188189 21.7543222
165 0.062235536 2.131956754
166 0.062235536 2.187529636
167 0.062235536 2.187529346
168 0.06275195  0.460602902
169 0.06275195  0.355286018
170 0.06275195  0.355285272
171 0.06418087  0.06723653
172 0.065621386 16.60715871
173 0.068473479 1.20782265
174 0.068972191 0.155575531
175 0.068972191 0.155575579
176 0.068972191 0.070371024
177 0.069820885 0.10870487
178 0.069820885 0.189013636
179 0.069820886 0.189013517
180 0.071078539 16.01465175
181 0.07107854  13.51967499
182 0.071232635 0.4965671
183 0.071232635 0.496566209
184 0.071232636 0.253883877
185 0.071734621 21.72934583
186 0.07232758  0.259083238
187 0.07232758  0.197942766
188 0.075079779 1.01022E-05
189 0.075079779 0.011311332
190 0.07507978  0.011311348
191 0.076370144 6.379379907
192 0.076370144 6.379378819
193 0.076370144 7.815013263
194 0.07861834  0.075565402
195 0.07861834  0.075565396
196 0.07861834  0.048339061
197 0.079685426 1.095087953
198 0.079685426 1.397711141
199 0.079685426 1.397711112
200 0.083422873 24.3106244
201 0.083422873 32.29712887
202 0.083488407 0.372272477
203 0.083488407 0.372272144
204 0.083488407 0.282416869
205 0.084541644 0.549141385
206 0.084541644 0.549141617
207 0.084541644 0.721270279
208 0.086134871 8.899178136
209 0.086134872 7.93501576
210 0.087465631 0.431434925
211 0.087465631 0.296426728
212 0.087465631 0.296426518
213 0.088219978 0.000866399
214 0.091184067 0.134095512
215 0.091184067 0.134095425
216 0.091184067 0.041952122
217 0.09172975  0.948447412
218 0.093076587 0.008959007
219 0.093076587 0.008959001
220 0.093076587 0.002535595
221 0.094621468 6.367004425
222 0.094621468 4.30935739
223 0.095142549 0.001459351
224 0.097164512 0.786305994
225 0.097626967 0.125407207
226 0.097626967 0.117499769
227 0.098295394 1.136187059
228 0.098295395 0.483344881
229 0.098295395 0.483345366
230 0.099596217 16.66771119
231 0.099596217 17.54217659
232 0.099596218 17.5421771
233 0.102581619 0.01107648
234 0.102581619 0.017109482
235 0.102581619 0.017109465
236 0.103285909 2.051927364
237 0.103285909 1.543403746
238 0.10450874  0.013395922
239 0.10450874  0.088562226
240 0.10450874  0.088562248
241 0.105742386 1.892179107
242 0.105742386 1.89217738
243 0.105742387 1.332283878
244 0.106186984 0.006430337
245 0.106443954 0.002490124
246 0.106443955 0.033879951
247 0.106443955 0.033879998
248 0.106799158 1.042381762
249 0.106799158 1.369064059
250 0.106969699 18.16077896
251 0.106969699 18.16078245
252 0.106969699 19.28525447
253 0.108419212 0.107508072
254 0.108419212 0.152636169
255 0.108419212 0.152636331
256 0.110554226 0.049394608
257 0.112331597 0.106008201
258 0.112331597 0.111482601
259 0.112331597 0.111483069
260 0.112358193 1.185015242
261 0.112358194 1.548328745
262 0.112358194 1.548328677
263 0.112998379 0.004338826
264 0.11299838  0.004338818
265 0.11299838  0.001061418
266 0.114193024 16.35473992
267 0.114193024 14.33083589
268 0.114193024 14.3308383
269 0.115703177 0.619698961
270 0.115703177 0.786153903
271 0.120807287 23.80888919
272 0.120807287 24.85881778
273 0.120807288 24.8588221
274 0.122898727 0.004704576
275 0.122898728 0.306789676
276 0.122898728 0.306788905
277 0.123530264 0.643421332
278 0.123530265 1.209217814
279 0.123530265 1.209218133
280 0.127441766 44.80082755
281 0.127441766 47.56494899
282 0.127441766 47.56494032
283 0.128002823 0.0037758
284 0.128142207 0.005891864
285 0.128142207 0.005891473
286 0.128142207 0.015689627
287 0.128497119 34.61711441
288 0.128497119 0.128189551
289 0.128497119 33.8346505
290 0.128500463 0.084675293
291 0.128500463 33.83465182
292 0.130607559 1.687115111
293 0.132010615 4.66945E-07
294 0.132010616 0.035585924
295 0.132010616 0.035585995
296 0.133574338 0.016530959
297 0.133574338 0.016530868
298 0.133574338 0.000221292
299 0.133644871 2.523459934
300 0.133644871 6.388918002
301 0.133644872 6.388916993
302 0.133792074 0.894579304
303 0.135438937 4.284166577
304 0.135438937 4.284164395
305 0.135438937 3.3555678
306 0.135921662 0.91592852
307 0.135921662 0.709045639
308 0.136817298 0.000209753
309 0.136817299 0.063482781
310 0.136817299 0.063482831
