 64
 -0.87861951182099995     
 -0.84403352341799998     
 -0.84403352340000004     
 -0.84403352317199998     
 -0.62090523613000004     
 -0.62090523569400002     
 -0.62090523568000000     
 -0.58526791713799997     
 -0.38637213721100000     
 -0.38637213711099999     
 -0.37051201011899998     
 -0.34525769095999997     
 -0.34525769095800002     
 -0.34525769093199998     
 -0.33136541086799998     
 -0.33136541081900001     
 -0.33136541076300002     
 -0.30417021395400001     
 -0.30417021389600002     
 -0.30417021384999998     
   2.8178499289199998E-003
   2.8178501309399999E-003
   2.8178505203800002E-003
   3.0195919853300002E-002
   3.0195920250700000E-002
   3.0195920444300001E-002
   5.1228746110999999E-002
   5.1228746127799998E-002
   5.1228746152299998E-002
   5.8656313290100001E-002
   7.7314718486200001E-002
   7.7314718726400000E-002
  0.28178762745699998     
  0.28178762850599998     
  0.28178762906700000     
  0.31458488498999998     
  0.31458488587200001     
  0.33975840665899998     
  0.33975840738099999     
  0.33975840801800000     
  0.37047838892000001     
  0.37047838908100000     
  0.37047838947200001     
  0.42556792923400000     
  0.75921163096400002     
  0.77016838674800003     
  0.77016838680199995     
  0.77016838693400003     
  0.81924947822600003     
  0.81924947837300000     
  0.81924947840200002     
  0.85700011394700004     
  0.85700011418199995     
  0.85816633515999996     
  0.85816633518499996     
  0.85816633542099996     
   5.1884206409800004     
   6.1845020878700003     
   6.1845020993400004     
   6.1845020997100004     
   9.3121838298400004     
   9.3121838302499995     
   9.3121838479400001     
   10.841277047900000     
