 OMEGA NORMALIZED_IPS_PROB
   0.0000000000000000       0.99007086950490220     
   2.2272303030303029E-003   3.3567267002951782E-003
   4.4544606060606057E-003   1.9203865978953047E-004
   6.6816909090909081E-003   1.2453114472130041E-003
   8.9089212121212114E-003   1.9533576467523086E-003
   1.1136151515151516E-002   5.5969581506362339E-004
   1.3363381818181816E-002   2.7802263642895370E-005
   1.5590612121212122E-002   2.6786278565100905E-005
   1.7817842424242423E-002   2.0604361108975632E-004
   2.0045072727272725E-002   9.2517132696409954E-005
   2.2272303030303031E-002   2.7246639449537181E-005
   2.4499533333333334E-002   6.4426046856351857E-005
   2.6726763636363633E-002   1.4453487703837433E-003
   2.8953993939393938E-002   4.0386614961067559E-004
   3.1181224242424244E-002   2.2718080640248299E-005
   3.3408454545454540E-002   5.6479968371452639E-006
   3.5635684848484846E-002   1.5929926308936835E-005
   3.7862915151515152E-002   1.1864698952653874E-005
   4.0090145454545451E-002   3.0541897752310274E-005
   4.2317375757575756E-002   5.7181275898573709E-005
   4.4544606060606062E-002   4.4824769026804869E-006
   4.6771836363636361E-002   2.0726671894256573E-006
   4.8999066666666667E-002   8.2980560813812034E-006
   5.1226296969696966E-002   3.6941018312948322E-006
   5.3453527272727265E-002   3.7747241460753860E-005
   5.5680757575757571E-002   2.5290060885760626E-005
   5.7907987878787877E-002   7.5268742527333894E-007
   6.0135218181818183E-002   1.1546590478853529E-006
   6.2362448484848489E-002   9.8128078574374734E-007
   6.4589678787878788E-002   1.3658753276610144E-005
   6.6816909090909080E-002   2.4318417094889783E-006
   6.9044139393939385E-002   1.3901624369451205E-007
   7.1271369696969691E-002   7.7582409796968444E-008
   7.3498599999999997E-002   2.0694252791099321E-007
   7.5725830303030303E-002   3.9245107777009799E-007
   7.7953060606060609E-002   4.0132351223534221E-006
   8.0180290909090901E-002   2.0643633265006645E-006
   8.2407521212121207E-002   1.2304745846273740E-006
   8.4634751515151513E-002   8.3440395642846279E-007
   8.6861981818181819E-002   2.2839309167459677E-007
   8.9089212121212125E-002   2.2468885869124932E-007
   9.1316442424242431E-002   3.7679570829732194E-007
   9.3543672727272723E-002   2.3969281179211331E-008
   9.5770903030303028E-002   4.0570694743448310E-008
   9.7998133333333334E-002   4.2846254969452568E-008
  0.10022536363636363        7.1689889694105536E-005
  0.10245259393939393        2.9756700034370189E-007
  0.10467982424242424        9.1384957670603433E-008
  0.10690705454545453        3.3614849356774960E-007
  0.10913428484848484        9.2363447928264100E-009
  0.11136151515151514        1.3212130480091792E-007
  0.11358874545454545        6.0626088285553022E-008
  0.11581597575757575        1.9071872350959680E-008
  0.11804320606060606        2.9380005549358334E-007
  0.12027043636363637        2.5236276929018239E-008
  0.12249766666666667        3.2957503473936388E-008
  0.12472489696969698        3.2989898709567342E-008
  0.12695212727272728        1.0162161912558877E-008
  0.12917935757575758        3.6415757095840010E-008
  0.13140658787878787        1.3482167234276383E-008
  0.13363381818181816        3.5809685477620716E-007
  0.13586104848484848        5.3747324442222601E-009
  0.13808827878787877        7.9974191129355910E-009
  0.14031550909090909        5.3175042478789064E-008
  0.14254273939393938        5.5539240029077006E-009
  0.14476996969696970        4.0084365595926543E-009
  0.14699719999999999        4.3482289228951157E-009
  0.14922443030303031        1.6329638451442202E-008
  0.15145166060606061        3.7266352912792900E-009
  0.15367889090909090        3.5875631638710113E-009
  0.15590612121212122        1.2027824554900214E-008
  0.15813335151515151        3.3585963616227992E-009
  0.16036058181818180        3.4279052221984147E-009
  0.16258781212121212        3.2652946848412339E-009
  0.16481504242424241        2.9798726330760075E-009
  0.16704227272727273        2.9325893195872724E-009
  0.16926950303030303        2.7579512872976313E-009
  0.17149673333333332        2.6140355935965149E-009
  0.17372396363636364        2.7717978735452908E-009
  0.17595119393939393        2.4600976372886269E-009
  0.17817842424242425        2.3878346624542239E-009
  0.18040565454545451        2.3212694029780860E-009
  0.18263288484848486        2.2578622647434995E-009
  0.18486011515151513        2.1993284512960779E-009
  0.18708734545454545        2.1435470212506016E-009
  0.18931457575757574        2.0900062546155495E-009
  0.19154180606060606        2.0385299440173264E-009
  0.19376903636363635        1.9889901955862042E-009
  0.19599626666666667        1.9412787649913402E-009
  0.19822349696969696        1.8952991750133792E-009
  0.20045072727272725        1.8509634591942677E-009
  0.20267795757575757        1.8081904568312459E-009
  0.20490518787878786        1.7669047640740309E-009
  0.20713241818181818        1.7270360098533010E-009
  0.20935964848484848        1.6885183130674957E-009
  0.21158687878787880        1.6512898511598693E-009
  0.21381410909090906        1.6152925028245766E-009
  0.21604133939393941        1.5804715433938208E-009
  0.21826856969696967        1.5467753797205949E-009
  0.22049579999999999        1.5141553159685588E-009
