 mo_idx,E-ELUMO,total_ips_cross_sec
           1   0.0000000000000000        0.0000000000000000     
           2   2.2522660000000028E-003   6.4605674799795383E-004
           3   2.2522660000000028E-003   6.4605671723708634E-004
           4   2.2522660000000028E-003   6.7497355174156014E-004
           5   1.0111616000000004E-002   2.8687886126742602E-010
           6   1.0111616000000004E-002   2.8687883284406677E-010
           7   1.0111617000000003E-002   9.0055869056171119E-008
           8   1.1572587000000002E-002   8.7122677318238286E-007
           9   1.3378806000000000E-002   1.4991446332987216E-006
          10   1.3378807000000000E-002   2.0449290631374139E-006
          11   1.7152201000000002E-002   1.1843793645894106E-010
          12   1.7152201000000002E-002   6.0367093438625843E-010
          13   1.8161341000000001E-002   2.0523270928925786E-007
          14   1.8161341000000001E-002   2.2393385047105457E-007
          15   1.8161342000000000E-002  0.38089453832303199     
          16   1.9570911000000000E-002   4.9392027033206827E-006
          17   1.9570911000000000E-002   2.7792453919089922E-006
          18   1.9570912000000003E-002   5.0669015708277775E-006
          19   2.1944580000000002E-002   9.2369694397990445E-009
          20   2.1944580000000002E-002   2.8716874924841928E-009
          21   2.1944580000000002E-002   3.9382212747226042E-009
          22   2.3161565000000002E-002   4.7855308691978212E-008
          23   2.5983887000000001E-002   9.2286774252501703E-007
          24   2.5983887000000001E-002   6.6316621323975935E-007
          25   2.5983888000000000E-002  0.32884961699866905     
          26   2.8834268000000003E-002   1.2004291892079293E-007
          27   2.8834268000000003E-002   1.0704123686024196E-007
          28   2.8834269000000003E-002   4.8215813082022087E-003
          29   3.0861212000000002E-002   8.7251374942099768E-008
          30   3.0861212000000002E-002   8.7207257748866832E-008
          31   3.0861212000000002E-002   2.2393160864924001E-007
          32   3.1822293000000001E-002   2.3739952467216082E-008
          33   3.2967906000000005E-002   2.0788704107637122E-006
          34   3.2967907000000005E-002   2.2718554132203930E-006
          35   3.3792873000000001E-002   1.2952228545244517E-006
          36   3.5795339000000002E-002   6.0088085430959112E-007
          37   3.5795339000000002E-002   5.2360297245562192E-007
          38   3.5795339000000002E-002   1.7378747048650277E-007
          39   3.7303613999999999E-002   2.7084531617551301E-005
          40   3.7303613999999999E-002   1.5081313073272729E-005
          41   3.7303614999999998E-002   1.0787411505638359E-005
          42   4.0087095000000003E-002   5.5361892969247392E-009
          43   4.0087095000000003E-002   7.7128111325209746E-006
          44   4.0087095000000003E-002   7.6683784671856087E-006
          45   4.0088631999999999E-002   4.9165027410245422E-004
          46   4.0088631999999999E-002   2.7035875678076169E-002
          47   4.0835185000000003E-002   9.8928738658142076E-007
          48   4.0835185000000003E-002   8.3451578605587643E-007
          49   4.0835185000000003E-002   6.3088981407383773E-007
          50   4.1295376000000002E-002   6.2690605766647428E-008
          51   4.1295377000000001E-002   2.1159291315913129E-004
          52   4.1295377000000001E-002   2.1163474273023583E-004
          53   4.1885118999999998E-002   2.0370463555863139E-005
          54   4.2560586000000004E-002   8.3400824260798301E-007
          55   4.2560586000000004E-002   8.8167301498731252E-007
          56   4.4028228000000003E-002   2.7221621747910354E-005
          57   4.4028228000000003E-002   6.0303662751813731E-006
          58   4.4028228000000003E-002   6.0973766860460750E-006
          59   4.4614748000000003E-002   1.6579105938726955E-009
          60   4.4614748000000003E-002   2.8175813266290258E-008
          61   4.4614748000000003E-002   2.9640410752308195E-008
          62   4.6898637999999999E-002   1.0304733299196227E-006
          63   4.6898637999999999E-002   1.6840677994305886E-006
          64   4.6898637999999999E-002   1.7853091708504131E-006
          65   4.7999921000000001E-002   4.0219116432563734E-004
          66   4.7999921000000001E-002   3.5106142458622328E-004
          67   4.7999922000000000E-002   4.1682064290609900E-004
          68   4.8310401000000003E-002   1.1745697970312514E-008
          69   4.8578462000000003E-002   2.8727155780982069E-005
          70   4.8578462000000003E-002   1.8833609142591248E-005
          71   4.9993483000000005E-002   9.5668818069531261E-007
          72   4.9993483000000005E-002   6.6478547290992525E-007
          73   4.9993483000000005E-002   2.4147018880884049E-007
          74   5.2228680999999999E-002   4.8176700706972442E-007
          75   5.2228680999999999E-002   3.3975388040110388E-007
          76   5.2584868000000000E-002   1.3362600082851767E-006
          77   5.2584868000000000E-002   1.1798680931233021E-006
          78   5.2584868000000000E-002   6.5075726702885510E-007
          79   5.3721289000000005E-002   5.7182966939503163E-007
          80   5.5886546000000002E-002   1.4352633628085853E-007
          81   5.5886546000000002E-002   1.0812041940286559E-007
          82   5.5886546000000002E-002   5.4854912945847701E-008
          83   5.6351332000000004E-002   1.2195982556552501E-006
          84   5.6351332000000004E-002   6.9116035455448515E-007
          85   5.6351332000000004E-002   9.6615920550977862E-007
          86   6.0832627000000000E-002   3.9030262177411212E-007
          87   6.0832627000000000E-002   2.2880332424160744E-007
          88   6.0832627000000000E-002   2.3149131706792320E-007
          89   6.4410156999999996E-002   6.4389636577166820E-008
          90   6.4410157999999995E-002   2.2351965940366168E-002
          91   6.4410157999999995E-002   2.2351968875050122E-002
          92   6.7249383999999995E-002   2.4383524223117826E-007
          93   6.7249383999999995E-002   2.4243333346041842E-007
          94   6.7249384999999995E-002   1.4064250088482617E-004
          95   6.7564921999999999E-002   5.7411699251337021E-007
          96   6.7564922999999999E-002   7.9201972921621320E-007
          97   6.8697954000000006E-002   9.9252497942677059E-008
          98   6.8697954000000006E-002   9.5148671889997249E-008
          99   6.8697954000000006E-002   1.2112674969027220E-007
         100   6.9899869000000003E-002   1.6001003439623492E-007
         101   7.2878935000000006E-002   2.7878202220064165E-009
         102   7.4490976000000000E-002   1.7200270712532435E-007
         103   7.4582890999999998E-002   3.7675063590257566E-007
         104   7.4582890999999998E-002   3.7457083013062242E-007
         105   7.5235349000000007E-002   2.1897373638831984E-006
         106   7.5235349000000007E-002   1.4264075143481347E-006
         107   7.5235350000000006E-002   1.3945814569374246E-004
         108   7.5654526999999999E-002   1.9634275751060803E-009
         109   7.5654526999999999E-002   8.5237021931557125E-009
         110   7.5654527999999999E-002   2.0341814766209380E-003
         111   7.6476418000000004E-002   1.1206518527152727E-006
         112   7.6476418000000004E-002   3.9476172853686663E-007
         113   7.6476418000000004E-002   3.9782503379650785E-007
         114   7.7956975000000012E-002   5.8213763654386508E-007
         115   7.7956975000000012E-002   1.7466303977471912E-006
         116   7.7956976000000011E-002   9.8168382189672441E-004
         117   7.8684908999999997E-002   4.6878179433887781E-007
         118   7.8684908999999997E-002   5.1174991900266745E-007
         119   7.8684908999999997E-002   5.1190099238450332E-007
         120   8.0912186999999997E-002   6.3728509031479733E-004
         121   8.0912186999999997E-002   6.3728321179465049E-004
         122   8.0912186999999997E-002   3.0379328111740003E-006
         123   8.2708176999999994E-002   3.6676981933442576E-005
         124   8.2708176999999994E-002   3.8053554293935427E-005
         125   8.3915124000000008E-002   2.3153555683213429E-007
         126   8.3915124000000008E-002   1.8564330272167456E-007
         127   8.3915124000000008E-002   1.6173896878559127E-007
         128   8.6064612999999998E-002   6.1193926267824203E-008
         129   8.6064612999999998E-002   1.4844677968994351E-007
         130   8.6064612999999998E-002   1.4953277366539040E-007
         131   8.6818177999999996E-002   8.0180875473773498E-007
         132   8.6818178999999995E-002   5.9410941274707702E-005
         133   8.6818178999999995E-002   5.9525301804697888E-005
         134   8.7233567000000012E-002   4.0819642479175173E-007
         135   8.7233567000000012E-002   2.7878688386798912E-007
         136   8.8991916000000004E-002   6.4203682354189222E-009
         137   8.8991916000000004E-002   4.5663850912398402E-009
         138   8.8991916000000004E-002   4.8032828565977481E-009
         139   8.9830141000000002E-002   1.1268442329369622E-005
         140   8.9830141000000002E-002   7.1380454694395167E-006
         141   8.9830141000000002E-002   7.1300311544505771E-006
         142   9.1145241000000002E-002   1.1991551650675362E-006
         143   9.4256514999999999E-002   4.1256571286954545E-007
         144   9.4256515999999999E-002   2.5219327245767462E-002
         145   9.4256515999999999E-002   2.5219383540322011E-002
         146   9.6825401000000005E-002   3.0197306351326503E-008
         147   9.7947070999999997E-002   1.7550038182442842E-004
         148   9.7947070999999997E-002   7.8406862058339637E-005
         149   9.7947070999999997E-002   7.8474021290850574E-005
         150   9.8949397999999994E-002   4.1475293785586768E-006
         151   9.8949397999999994E-002   1.8970712203033602E-006
         152   9.8985481000000000E-002   2.4043671445556883E-005
         153   9.8985481000000000E-002   2.2857524959374912E-005
         154   9.8985481000000000E-002   1.3221283429653968E-005
         155  0.10413632400000000        6.3379691765158183E-009
         156  0.10413632400000000        1.6414825324067181E-008
         157  0.10413632400000000        1.6875509043509383E-008
         158  0.10557098900000000        3.8789810281836916E-006
         159  0.10557099000000000        2.5304935150886611E-006
         160  0.10632685400000000        6.9717179716002697E-009
         161  0.10632685400000000        6.7557364392603673E-009
         162  0.10632685500000000        2.3302132242784797E-003
         163  0.10682263500000000        8.2599114525145527E-004
         164  0.10682263600000000        1.2782291021561319E-003
         165  0.10786998300000000        2.0952331055592874E-006
         166  0.10786998300000000        1.8080128036684954E-006
         167  0.10786998300000000        2.7097423805556613E-006
         168  0.10838639700000000        8.4005793727029255E-007
         169  0.10838639700000000        5.8920952283952467E-007
         170  0.10838639700000000        6.1154603675378776E-007
         171  0.10981531700000000        6.2815870758921076E-008
         172  0.11125583300000000        2.1387590504243688E-005
         173  0.11410792600000000        3.7681767720565478E-007
         174  0.11460663800000001        9.8528472375572647E-008
         175  0.11460663800000001        8.1525541025298784E-008
         176  0.11460663800000001        1.8645348269477802E-008
         177  0.11545533199999999        6.8278380737407458E-009
         178  0.11545533199999999        9.2854252247387768E-009
         179  0.11545533299999999        2.5246329870406222E-003
         180  0.11671298599999999        1.9636792647520767E-005
         181  0.11671298699999999        1.5347363307310232E-005
         182  0.11686708200000001        2.8332561788811261E-006
         183  0.11686708200000001        1.6098655793912238E-006
         184  0.11686708300000001        2.4371532862542757E-005
         185  0.11736906799999999        8.6275226400511226E-006
         186  0.11796202700000000        1.3899591573562191E-006
         187  0.11796202700000000        1.2706989089334185E-006
         188  0.12071422600000001        3.1926972844523634E-013
         189  0.12071422600000001        4.4086841148257556E-010
         190  0.12071422700000001        1.5508860268687728E-005
         191  0.12200459100000000        2.8971058839772918E-006
         192  0.12200459100000000        2.8520839791134446E-006
         193  0.12200459100000000        3.0406434771578736E-006
         194  0.12425278700000000        3.4791985126735769E-007
         195  0.12425278700000000        3.4785642873884244E-007
         196  0.12425278700000000        2.0611463129043691E-007
         197  0.12531987300000000        2.0920304115069040E-007
         198  0.12531987300000000        2.5631787469691888E-007
         199  0.12531987300000000        2.8195917843629058E-007
         200  0.12905732000000000        8.5885498773860641E-005
         201  0.12905732000000000        7.9049420621156986E-005
         202  0.12912285400000001        2.3629121487876071E-006
         203  0.12912285400000001        1.3559105290960173E-006
         204  0.12912285400000001        8.7697721938973434E-007
         205  0.13017609099999999        9.3877577579248690E-007
         206  0.13017609099999999        9.2467105350503423E-007
         207  0.13017609099999999        1.5131536998088691E-006
         208  0.13176931800000000        3.4865079164494178E-006
         209  0.13176931900000000        2.8518163466607587E-006
         210  0.13310007800000001        1.5241226061441053E-006
         211  0.13310007800000001        1.0272203652544578E-006
         212  0.13310007800000001        1.0302557100963991E-006
         213  0.13385442500000000        3.0244412152104286E-010
         214  0.13681851400000000        3.7837294400550545E-007
         215  0.13681851400000000        3.7007630624380942E-007
         216  0.13681851400000000        2.4124207392349007E-007
         217  0.13736419699999999        1.9552528589459051E-007
         218  0.13871103400000001        1.3382014957011614E-008
         219  0.13871103400000001        1.3337565813817482E-008
         220  0.13871103400000001        3.7108785081125427E-009
         221  0.14025591500000001        1.2503438174304608E-004
         222  0.14025591500000001        9.2029943785433779E-005
         223  0.14077699600000002        8.0784398490957069E-010
         224  0.14279895900000000        6.8741166486407254E-008
         225  0.14326141400000000        6.2974260847845647E-007
         226  0.14326141400000000        5.1955039436256029E-007
         227  0.14392984100000000        3.4182121111936645E-007
         228  0.14392984200000000        3.8684011943777505E-004
         229  0.14392984200000000        3.8684361097642044E-004
         230  0.14523066400000001        9.1022680168257979E-006
         231  0.14523066400000001        9.6673212699501581E-006
         232  0.14523066500000001        5.1200744812764230E-002
         233  0.14821606600000001        1.2211077403105013E-009
         234  0.14821606600000001        1.7891242385018276E-009
         235  0.14821606600000001        1.8253231053810157E-009
         236  0.14892035600000000        4.5232309246878473E-007
         237  0.14892035600000000        3.1123358702225421E-007
         238  0.15014318700000001        7.4934420828912166E-009
         239  0.15014318700000001        6.3820832428562076E-008
         240  0.15014318700000001        9.3531439682198453E-008
         241  0.15137683299999999        4.7417920915358943E-006
         242  0.15137683299999999        2.8968850398318226E-006
         243  0.15137683399999999        4.0154504895021287E-002
         244  0.15182143100000001        2.7737927500297345E-009
         245  0.15207840100000000        8.9807186260699814E-010
         246  0.15207840200000000        9.1713365984287965E-004
         247  0.15207840200000000        9.1713514100975478E-004
         248  0.15243360500000000        1.6027139758239237E-005
         249  0.15243360500000000        2.2512438938908414E-005
         250  0.15260414600000000        3.6136510451804849E-006
         251  0.15260414600000000        3.0885071696398506E-006
         252  0.15260414600000000        4.0658945133836596E-006
         253  0.15405365900000001        1.0251495018392170E-007
         254  0.15405365900000001        1.6995400645159711E-007
         255  0.15405365900000001        2.7114917638222872E-007
         256  0.15618867300000000        3.8610939430328231E-009
         257  0.15796604400000000        1.8450165570155816E-008
         258  0.15796604400000000        2.0688386284398026E-008
         259  0.15796604400000000        3.1284495216820509E-008
         260  0.15799263999999999        3.9461709381892894E-007
         261  0.15799264099999999        1.5545492758077681E-006
         262  0.15799264099999999        1.7374499114533189E-006
         263  0.15863282600000000        3.3780109436504312E-009
         264  0.15863282700000000        2.6621906818078674E-009
         265  0.15863282700000000        9.3263682111450500E-010
         266  0.15982747100000000        6.2801132861047091E-004
         267  0.15982747100000000        4.1260237807912208E-004
         268  0.15982747100000000        4.1266012123298938E-004
         269  0.16133762400000001        5.4889731527228786E-006
         270  0.16133762400000001        5.9876734367745109E-006
         271  0.16644173400000001        2.7760975234525556E-005
         272  0.16644173400000001        2.9446557209582551E-005
         273  0.16644173500000001        7.0902605512103058E-003
         274  0.16853317400000001        1.2247245950688280E-009
         275  0.16853317500000001        1.0486107317664983E-003
         276  0.16853317500000001        1.0486104404733416E-003
         277  0.16916471100000000        8.5131927075200255E-007
         278  0.16916471199999999        1.3308302053912143E-003
         279  0.16916471199999999        1.3312323998438296E-003
         280  0.17307621300000001        9.2433723035841371E-006
         281  0.17307621300000001        8.9955133285475032E-006
         282  0.17307621300000001        9.3418773106760690E-006
         283  0.17363726999999998        8.4770833044048216E-009
         284  0.17377665400000000        1.4057063749728143E-009
         285  0.17377665400000000        1.3814054248418597E-009
         286  0.17377665400000000        2.8848361681399118E-009
         287  0.17413156599999999        5.5144264696961208E-005
         288  0.17413156599999999        1.4771171482504437E-008
         289  0.17413156599999999        5.3905808760701069E-005
         290  0.17413491000000000        1.1025081071606300E-008
         291  0.17413491000000000        2.1578798847711694E-004
         292  0.17624200600000001        1.5055619796445936E-007
         293  0.17764506199999999        5.0384724322998308E-012
         294  0.17764506299999999        6.0363512288612132E-006
         295  0.17764506299999999        6.0364257262489937E-006
         296  0.17920878499999998        9.9578535550074001E-009
         297  0.17920878499999998        7.0695507383746437E-009
         298  0.17920878499999998        9.8416156469352191E-011
         299  0.17927931799999999        3.1482714526718335E-007
         300  0.17927931799999999        7.4118443896117633E-007
         301  0.17927931899999999        3.8075469449438827E-002
         302  0.17942652100000001        1.9802541572906878E-007
         303  0.18107338400000000        5.1168603191902756E-006
         304  0.18107338400000000        3.3454572511107318E-006
         305  0.18107338400000000        2.4146064312263385E-006
         306  0.18155610899999999        2.5788509681688748E-004
         307  0.18155610899999999        1.3615769197316177E-004
         308  0.18245174500000000        1.1723132110708631E-010
         309  0.18245174600000000        5.4880520317758163E-006
         310  0.18245174600000000        5.4887084188503418E-006
